MPU6050781,6.61,0.13,-0.00,0.00
1.80,6.58,0.13,-0.00,0.01
-7.97,-1.87,6.62,0.13,-0.00,0.01
-7.99,-1.84,6.56,0.13,0.00,0.01
-7.93,-1.81,6.61,0.13,-0.00,0.00
1.80,6.58,0.13,-0.00,0.01
-7.97,-1.87,6.62,0.13,-0.00,0.01
-7.99,-1.84,6.56,0.13,0.00,0.01
-7.93,-1.81,6.61,0.13,-0.00,0.00
MPU6050 Found!
MAX_SAMPLES: 170
Resuming from sample #65535
Send 'd' to dump, 'c' to clear.
-1.44,-0.33,1.18,0.13,0.00,-0.00
-7.98,-1.81,6.60,0.13,-0.00,0.01
-7.96,-1.88,6.58,0.13,-0.00,0.00
-7.92,-1.82,6.61,0.13,-0.00,0.01
-7.99,-1.84,6.54,0.13,-0.00,0.00
-7.91,-1.86,6.61,0.13,-0.00,0.01
-7.95,-1.82,6.53,0.13,-0.00,0.01
-7.94,-1.85,6.59,0.13,0.00,0.00
-7.96,-1.86,6.53,0.13,-0.00,0.01
-7.94,-1.82,6.62,0.13,-0.00,0.01
-7.96,-1.84,6.57,0.13,0.00,0.01
-7.94,-1.84,6.61,0.13,-0.00,0.01
-7.96,-1.85,6.56,0.13,0.00,0.00
-7.95,-1.85,6.59,0.13,-0.00,0.01
-7.94,-1.85,6.57,0.12,0.00,0.01
-7.92,-1.85,6.53,0.13,0.00,0.00
-7.96,-1.81,6.63,0.13,-0.00,0.01
-7.96,-1.88,6.55,0.13,-0.00,0.00
-7.96,-1.80,6.58,0.13,-0.00,0.01
-7.96,-1.87,6.56,0.13,-0.00,0.01
-7.93,-1.85,6.58,0.13,-0.00,0.01
-7.95,-1.80,6.59,0.13,-0.00,0.01
-7.97,-1.89,6.60,0.09,-0.06,0.01
-7.88,-1.82,6.69,0.13,-0.01,0.01
-7.94,-1.86,6.56,0.13,0.00,0.00
-7.90,-1.82,6.64,0.13,-0.00,0.01
-7.95,-1.87,6.61,0.13,-0.00,0.01
-7.91,-1.86,6.63,0.13,-0.00,0.01
-7.92,-1.84,6.61,0.13,0.00,0.01
-7.93,-1.88,6.61,0.13,0.00,0.00
-7.90,-1.79,6.69,0.13,-0.00,0.01
-7.79,-1.87,6.46,0.13,0.01,0.00
-7.94,-1.79,6.73,0.13,-0.00,0.00
-8.10,-1.83,6.65,0.13,0.01,-0.00
-7.80,-1.88,6.75,0.11,0.04,0.03
-7.96,-1.82,6.55,0.13,0.01,0.00
-7.99,-1.84,6.65,0.13,-0.00,0.01
-7.94,-1.85,6.63,0.13,-0.00,0.01
-7.92,-1.85,6.60,0.13,-0.00,0.00
-7.92,-1.87,6.61,0.13,-0.00,0.01
-7.93,-1.81,6.60,0.13,-0.00,0.01
-7.92,-1.88,6.62,0.14,-0.01,0.00
-7.93,-1.83,6.63,0.13,0.00,0.01
-7.91,-1.84,6.67,0.13,-0.00,0.00
-7.93,-1.83,6.62,0.13,-0.00,0.01
-7.89,-1.84,6.64,0.13,0.00,0.01
-7.92,-1.87,6.58,0.12,0.02,0.01
-7.93,-1.79,6.66,0.13,-0.01,0.01
-7.94,-1.87,6.60,0.14,0.00,0.00
-7.91,-1.84,6.73,0.12,0.00,0.00
-7.90,-1.86,6.61,0.13,-0.02,0.00
-7.89,-1.82,6.67,0.14,-0.01,0.00
-7.98,-1.85,6.67,0.13,-0.01,0.01
-7.82,-1.86,6.66,0.14,-0.02,0.01
-7.98,-2.38,6.60,0.24,-0.45,-0.04
-8.13,-1.62,6.43,0.22,-0.07,-0.07
-7.73,-1.70,6.97,0.21,-0.17,-0.04
-7.07,-2.39,7.61,0.09,-0.02,0.02
-7.49,-1.83,7.24,0.11,-0.00,-0.00
MPU6050 Found!
MAX_SAMPLES: 170
Resuming from sample #65535
Send 'd' to dump, 'c' to clear.
-1.24,-0.37,1.42,0.14,0.00,0.00
-6.76,-1.58,8.11,0.12,-0.00,0.01
-6.90,-1.84,7.90,0.14,0.00,-0.00
-6.88,-1.81,8.03,0.13,-0.01,0.01
-6.87,-1.70,7.94,0.13,-0.00,0.01
-6.87,-1.89,7.96,0.13,-0.00,0.00
-6.85,-1.66,8.04,0.13,-0.00,0.01
-6.85,-1.87,7.96,0.08,0.01,0.05
-6.78,-1.75,8.06,0.12,-0.00,0.02
-6.60,-1.81,8.45,0.09,0.04,0.03
-6.79,-1.82,8.09,0.09,0.07,0.03
-6.83,-1.71,8.02,0.08,0.06,0.04
-6.84,-1.84,7.97,0.20,-0.16,-0.04
-6.85,-1.71,7.95,0.24,-0.10,-0.09
-6.81,-1.80,8.05,0.16,-0.04,-0.01
-6.81,-1.77,8.05,0.17,-0.05,-0.03
-6.75,-1.73,8.10,0.13,-0.01,0.01
-6.77,-1.85,8.12,0.14,-0.02,-0.00
-6.79,-1.66,8.08,0.15,-0.02,-0.00
-6.71,-1.89,8.16,0.13,-0.01,0.00
-6.69,-1.72,8.26,0.15,-0.04,0.00
-6.75,-1.85,8.10,0.10,0.04,0.02
-6.77,-1.80,8.07,0.12,-0.00,0.02
-6.77,-1.70,8.16,0.12,0.00,0.01
-6.78,-1.90,8.07,0.12,0.01,0.01
-6.73,-1.68,8.17,0.13,0.00,0.01
-6.80,-1.81,8.05,0.12,0.01,0.01
EEPROM cleared.
-6.83,-1.81,8.08,0.12,0.01,0.01
-6.83,-1.69,8.06,0.12,0.01,0.02
-6.84,-1.86,8.07,0.13,0.01,0.01
-6.79,-1.74,8.03,0.11,0.02,0.02
-6.79,-1.80,8.11,0.13,0.00,0.01
-6.82,-1.80,8.03,0.13,0.00,0.01
-6.78,-1.75,8.09,0.13,-0.00,0.01
-6.87,-1.82,8.01,0.13,0.01,0.01
-6.78,-1.76,8.10,0.13,0.00,0.00
-6.87,-1.69,8.05,0.12,0.02,0.01
-6.79,-1.92,8.00,0.13,-0.00,0.01
-6.83,-1.68,8.08,0.12,0.01,0.01
-6.92,-1.87,7.93,0.13,-0.01,0.01
-6.75,-1.70,8.10,0.14,-0.02,0.00
-6.88,-1.83,7.99,0.12,0.01,0.01
-6.81,-1.79,8.06,0.13,-0.01,0.00
-6.86,-1.74,8.02,0.13,-0.00,0.01
-6.82,-1.84,8.04,0.14,-0.01,0.00
-6.74,-1.75,8.12,0.13,-0.01,0.00
-6.86,-1.83,8.03,0.08,0.08,0.03
-6.17,-1.56,9.04,0.17,0.10,-0.04
-6.97,-1.73,7.82,0.03,-0.03,0.08
-6.84,-1.73,7.99,0.09,-0.03,0.04
-6.79,-1.84,8.10,0.13,0.03,0.01
-6.88,-1.76,7.99,0.13,0.01,0.00
-6.79,-1.75,8.11,0.13,-0.00,0.01
-6.89,-1.84,8.03,0.12,0.02,0.03
MPU6050 Found!
MAX_SAMPLES: 170
Resuming from sample #57
Send 'd' to dump, 'c' to clear.
-0.40,-0.11,0.53,0.01,0.00,0.01
-6.68,-1.82,8.30,0.06,0.08,0.06
-6.78,-1.80,8.15,0.16,-0.06,0.00
-6.73,-1.75,8.18,0.13,0.04,-0.00
-6.85,-1.80,8.01,0.12,0.02,0.01
-6.79,-1.74,8.10,0.10,0.04,0.03
-6.85,-1.80,8.03,0.18,-0.05,-0.03
-7.02,-1.86,8.12,0.11,-0.05,0.05
-6.92,-1.75,7.98,0.13,-0.01,0.01
-6.86,-1.78,7.93,0.20,-0.05,-0.03
-6.84,-1.76,8.03,0.13,-0.01,0.01
-6.84,-1.78,8.04,0.14,-0.00,0.00
-6.80,-1.78,8.08,0.14,0.00,-0.00
-6.81,-1.77,8.07,0.14,-0.01,0.00
-6.80,-1.74,8.07,0.14,-0.01,-0.00
-6.81,-1.80,8.05,0.13,0.00,0.00
=== EEPROM DUMP START ===
Samples stored: 73
ax,ay,az,gx,gy,gz
-6.8307,-1.8052,8.0780,0.1202,0.0112,0.0125
-6.8331,-1.6903,8.0565,0.1242,0.0128,0.0157
-6.8402,-1.8579,8.0709,0.1295,0.0123,0.0120
-6.7924,-1.7406,8.0302,0.1087,0.0184,0.0213
-6.7900,-1.7957,8.1068,0.1268,0.0019,0.0096
-6.8163,-1.7980,8.0254,0.1330,0.0021,0.0077
-6.7804,-1.7549,8.0852,0.1314,-0.0043,0.0067
-6.8714,-1.8244,8.0086,0.1252,0.0053,0.0099
-6.7828,-1.7597,8.1020,0.1300,0.0005,0.0029
-6.8666,-1.6903,8.0493,0.1231,0.0176,0.0101
-6.7876,-1.9154,7.9990,0.1319,-0.0032,0.0075
-6.8283,-1.6783,8.0804,0.1226,0.0125,0.0091
-6.9216,-1.8651,7.9272,0.1322,-0.0075,0.0069
-6.7540,-1.7047,8.0996,0.1388,-0.0168,0.0027
-6.8785,-1.8292,7.9871,0.1207,0.0141,0.0085
-6.8091,-1.7933,8.0637,0.1348,-0.0099,0.0045
-6.8570,-1.7406,8.0206,0.1295,-0.0029,0.0067
-6.8163,-1.8387,8.0445,0.1367,-0.0144,0.0043
-6.7445,-1.7502,8.1163,0.1343,-0.0112,0.0005
-6.8642,-1.8268,8.0302,0.0799,0.0802,0.0349
-6.1699,-1.5586,9.0381,0.1705,0.0973,-0.0445
-6.9719,-1.7310,7.8219,0.0341,-0.0253,0.0821
-6.8378,-1.7262,7.9871,0.0922,-0.0290,0.0426
-6.7924,-1.8411,8.1020,0.1263,0.0277,0.0069
-6.8809,-1.7573,7.9871,0.1292,0.0147,0.0011
-6.7852,-1.7478,8.1068,0.1252,-0.0045,0.0123
-6.8929,-1.8435,8.0278,0.1162,0.0213,0.0282
-6.7780,-1.6759,8.1187,0.1220,0.0048,0.0045
-6.8259,-1.9010,7.9775,0.1340,0.0003,0.0005
-6.4212,-1.7909,8.4922,0.1607,0.0743,-0.0805
-6.9001,-1.6783,7.9607,0.1407,-0.0085,-0.0005
-6.8091,-1.8316,8.0756,0.1428,-0.0277,-0.0035
-6.7540,-1.8172,8.0972,0.1364,-0.0072,0.0061
-6.8714,-1.7454,8.0086,0.1290,-0.0024,0.0064
-6.7301,-1.7980,8.0756,0.1316,-0.0061,0.0059
-6.8187,-1.7765,8.0541,0.1324,-0.0005,0.0088
-6.7995,-1.7669,8.0565,0.1330,-0.0035,0.0072
-6.7397,-1.8076,8.0828,0.1388,-0.0141,0.0120
-6.8235,-1.7238,8.0541,0.1287,0.0005,0.0045
-6.7780,-1.7837,8.0685,0.1282,0.0013,0.0069
-6.7756,-1.8100,8.1331,0.1316,-0.0021,0.0053
-6.8354,-1.7238,8.0469,0.1290,-0.0013,0.0075
-6.7852,-1.8292,8.0661,0.1276,-0.0019,0.0067
-6.7780,-1.7478,8.0637,0.1354,-0.0029,0.0061
-6.8354,-1.7837,8.0541,0.1372,-0.0104,0.0032
-6.7684,-1.7621,8.1092,0.1308,-0.0016,0.0051
-6.8115,-1.8148,8.0541,0.1308,-0.0024,0.0048
-6.7924,-1.7382,8.0924,0.1300,-0.0016,0.0061
-6.7876,-1.8076,8.0852,0.1295,-0.0005,0.0075
-6.7780,-1.7621,8.0780,0.1284,0.0011,0.0064
-6.7876,-1.7885,8.0613,0.1359,-0.0027,0.0029
-6.7349,-1.7406,8.0972,0.1924,-0.0709,-0.0357
-6.6439,-1.6496,8.2337,0.1132,0.0338,-0.0005
-6.8522,-1.8028,8.0230,0.1332,-0.0107,0.0056
-6.6846,-1.6640,8.2791,0.1013,0.0237,0.0168
-6.8067,-1.8771,8.0780,0.1194,0.0216,0.0109
-6.8259,-1.6544,8.0828,0.1375,-0.0064,0.0035
-0.4022,-0.1101,0.5267,0.0104,0.0035,0.0056
-6.6798,-1.8196,8.2959,0.0640,0.0813,0.0570
-6.7804,-1.8028,8.1499,0.1593,-0.0640,0.0032
-6.7253,-1.7549,8.1786,0.1324,0.0445,-0.0011
-6.8522,-1.8004,8.0062,0.1242,0.0237,0.0083
-6.7876,-1.7430,8.0996,0.1007,0.0432,0.0269
-6.8522,-1.8028,8.0349,0.1836,-0.0482,-0.0336
-7.0222,-1.8579,8.1187,0.1130,-0.0544,0.0544
-6.9192,-1.7549,7.9775,0.1330,-0.0133,0.0059
-6.8642,-1.7837,7.9344,0.1972,-0.0522,-0.0333
-6.8402,-1.7645,8.0325,0.1263,-0.0101,0.0096
-6.8354,-1.7789,8.0421,0.1375,-0.0037,0.0003
-6.8043,-1.7813,8.0828,0.1378,0.0003,-0.0037
-6.8115,-1.7669,8.0685,0.1370,-0.0067,0.0024
-6.8019,-1.7430,8.0732,0.1394,-0.0093,-0.0005
-6.8139,-1.7957,8.0517,0.1292,0.0027,0.0043
=== EEPROM DUMP END ===
-6.84,-1.75,8.03,0.13,-0.00,0.01
-6.80,-1.79,8.06,0.13,-0.01,0.01
-6.84,-1.81,8.04,0.12,0.01,0.01
-6.81,-1.75,8.06,0.12,0.01,0.01
-6.83,-1.80,8.01,0.08,0.07,0.03
-6.85,-1.77,8.07,0.14,0.04,-0.01
-6.90,-1.80,7.94,0.15,0.02,-0.01
-6.89,-1.79,7.95,0.12,-0.02,0.03
-6.90,-1.75,8.03,0.13,-0.01,0.02
-7.04,-1.74,7.62,0.03,-0.20,0.14
-6.82,-1.80,8.07,0.13,0.01,0.02
-6.79,-1.78,8.13,0.15,0.06,-0.02
-6.87,-1.78,8.01,0.11,-0.03,0.03
-6.82,-1.77,8.03,0.11,-0.00,0.03
-6.88,-1.80,8.01,0.15,-0.00,-0.01
-7.15,-1.74,7.65,0.10,0.02,0.03
-6.89,-1.78,7.99,0.14,-0.01,-0.00
-6.85,-1.80,8.01,0.12,0.04,0.01
-6.96,-1.73,7.85,0.13,0.03,0.01
-6.96,-1.80,7.93,0.21,-0.08,-0.05
-6.96,-1.79,8.00,0.13,-0.02,0.01
-6.89,-1.75,7.97,0.13,0.02,0.00
-6.91,-1.76,7.94,0.11,0.02,0.02
-6.93,-1.80,7.94,0.14,-0.01,-0.00
-4.98,-1.42,10.07,-0.14,-0.11,0.26
-8.75,-2.33,5.56,0.01,-0.13,0.14
-6.84,-1.71,8.01,0.22,0.07,-0.16
-6.82,-1.84,8.02,0.31,0.19,-0.23
-6.63,-2.24,8.26,0.30,0.11,-0.15
-7.02,-1.77,7.69,0.12,0.06,0.01
-7.04,-1.80,7.78,0.08,0.05,0.04
-7.10,-1.73,7.82,0.09,0.06,0.04
-7.16,-1.81,7.67,0.09,0.04,0.04
-7.11,-1.74,7.75,0.14,0.00,0.00
-7.16,-1.80,7.64,0.13,0.00,0.01
-7.11,-1.75,7.74,0.13,0.00,0.00
-7.19,-1.79,7.65,0.13,0.00,0.01
-7.19,-1.72,7.66,0.13,-0.00,0.01
-7.11,-1.80,7.72,0.13,-0.00,0.01
-7.18,-1.76,7.66,0.13,-0.00,0.01
-7.15,-1.75,7.68,0.13,-0.00,0.01
-7.17,-1.82,7.67,0.13,-0.00,0.01
-7.10,-1.72,7.72,0.13,0.00,0.01
-7.25,-1.75,7.55,0.13,0.00,0.01
-7.06,-1.76,7.72,0.13,-0.01,0.01
-7.18,-1.83,7.67,0.13,0.00,0.00
-7.13,-1.73,7.72,0.13,-0.00,0.01
-7.17,-1.76,7.68,0.13,0.00,0.01
-7.18,-1.80,7.70,0.13,-0.00,0.01
-7.16,-1.74,7.67,0.13,-0.00,0.01
-7.17,-1.75,7.66,0.13,-0.00,0.01
-7.11,-1.78,7.74,0.13,-0.00,0.01
-7.19,-1.74,7.67,0.13,-0.01,0.01
-7.14,-1.76,7.71,0.13,-0.00,0.01
-7.18,-1.82,7.66,0.13,0.00,0.01
-7.18,-1.73,7.69,0.13,-0.00,0.01
-7.15,-1.82,7.68,0.13,-0.00,0.01
-7.19,-1.74,7.65,0.13,-0.00,0.01
-7.14,-1.77,7.69,0.13,0.01,0.01
-7.17,-1.79,7.67,0.13,-0.00,0.01
-7.15,-1.74,7.67,0.16,-0.04,-0.01
-7.06,-1.79,8.06,0.28,-0.20,-0.00
-7.53,-1.80,7.62,0.13,-0.06,0.08
-7.07,-1.78,7.80,0.11,0.01,0.01
-7.01,-1.75,7.72,0.13,0.01,-0.02
-7.08,-1.64,7.69,0.13,-0.01,0.01
-7.07,-1.86,7.78,0.10,0.03,0.03
-7.10,-1.73,7.78,0.11,0.00,0.02
-7.03,-1.76,7.80,0.14,-0.00,-0.02
-7.01,-1.81,7.79,0.12,-0.03,0.04
-7.17,-1.70,7.67,0.15,-0.03,-0.00
-7.17,-1.64,7.70,0.11,0.02,0.01
-6.87,-1.92,8.00,0.09,-0.03,0.06
-6.98,-1.66,7.96,0.15,-0.02,0.01
-6.98,-1.87,7.80,0.14,-0.00,-0.00
-7.21,-1.64,7.62,0.20,-0.05,-0.04
-7.33,-1.72,7.60,0.17,0.05,-0.04
-6.56,-1.94,8.15,0.13,-0.03,0.00
-6.85,-1.79,7.99,0.12,0.03,-0.01
-6.91,-1.76,7.82,0.11,0.02,0.02
-7.13,-1.73,7.81,0.07,0.02,0.07
-7.07,-1.72,7.80,0.12,0.02,0.01
-7.00,-1.85,7.79,0.12,0.02,-0.00
-7.15,-1.71,7.66,0.12,-0.01,-0.01
-7.07,-1.75,7.78,0.13,-0.01,0.01
-7.07,-1.78,7.81,0.14,0.00,0.00
-7.09,-1.78,7.74,0.13,0.00,0.00
-7.13,-1.70,7.75,0.12,-0.00,0.02
-7.06,-1.74,7.81,0.13,-0.01,0.02
-7.10,-1.92,7.82,0.12,0.02,-0.01
-7.02,-1.62,7.98,0.14,0.00,-0.02
-7.20,-1.81,7.61,0.13,-0.02,0.02
-6.93,-1.72,8.05,0.11,0.02,-0.00
-7.12,-1.80,7.75,0.14,-0.00,0.01
-7.07,-1.70,7.73,0.13,0.00,0.01
-7.12,-1.74,7.77,0.13,-0.00,0.01
>>> EEPROM FULL - recording stopped <<<
-7.07,-1.75,7.78,0.13,-0.00,0.01
-7.11,-1.77,7.76,0.13,-0.00,0.01
-7.02,-1.66,7.78,0.12,0.00,0.01
-7.08,-1.80,7.69,0.13,-0.01,0.01
-7.02,-1.69,7.78,0.13,-0.01,0.01
-7.07,-1.71,7.78,0.13,-0.01,0.01
-7.09,-1.75,7.76,0.14,-0.05,0.02
-7.05,-1.69,7.82,0.13,0.01,-0.00
-7.00,-1.75,7.85,0.14,0.00,-0.00
-7.07,-1.75,7.78,0.13,-0.01,0.02
-7.04,-1.75,7.87,0.13,-0.00,0.00
-7.03,-1.70,7.86,0.12,0.01,0.01
-6.96,-1.75,7.87,0.13,0.01,0.01
-7.06,-1.74,7.77,0.14,-0.01,0.00
-7.03,-1.73,7.83,0.13,-0.01,0.01
-7.06,-1.78,7.77,0.13,-0.00,0.01
-7.03,-1.74,7.81,0.13,-0.00,0.01
-7.03,-1.76,7.80,0.13,0.00,0.01
-7.01,-1.76,7.94,0.12,-0.00,0.02
-7.05,-1.72,7.78,0.13,0.00,0.02
-7.03,-1.74,7.79,0.13,0.00,0.01
-7.05,-1.74,7.71,0.15,-0.02,0.04
-7.13,-1.61,7.73,0.13,-0.01,0.00
-6.95,-1.86,7.91,0.12,-0.01,0.02
-7.12,-1.67,7.79,0.13,-0.00,0.00
-7.07,-1.78,7.75,0.13,0.00,0.01
-6.94,-1.71,7.91,0.13,-0.00,0.00
-7.12,-1.77,7.71,0.13,-0.01,0.01
-6.96,-1.74,7.91,0.13,0.01,0.00
-7.19,-1.72,7.75,0.12,0.03,0.02
-6.94,-1.75,7.97,0.12,0.04,0.02
-7.16,-1.76,7.67,0.15,-0.01,0.01
-7.07,-1.72,7.81,0.15,-0.02,0.01
-7.11,-1.73,7.71,0.13,-0.00,0.01
-7.03,-1.81,7.77,0.15,-0.02,-0.00
-7.03,-1.75,7.79,0.12,-0.00,0.01
-7.08,-1.74,7.78,0.14,-0.00,0.01
-7.02,-1.74,7.88,0.13,0.00,-0.00
-7.09,-1.74,7.79,0.13,0.00,-0.00
-7.06,-1.68,7.83,0.13,-0.00,-0.01
-7.05,-1.74,7.79,0.13,-0.00,0.01
-7.01,-1.78,7.86,0.13,-0.00,0.01
-7.04,-1.70,7.79,0.14,-0.00,-0.00
-7.08,-1.75,7.80,0.13,-0.00,0.01
-7.01,-1.72,7.81,0.14,-0.01,0.01
-7.06,-1.74,7.79,0.13,-0.00,0.01
-7.06,-1.74,7.78,0.13,-0.01,0.01
-7.04,-1.71,7.87,0.13,0.00,0.01
-7.02,-1.77,7.79,0.13,-0.00,0.01
-7.12,-1.72,7.87,0.13,-0.00,0.01
-7.03,-1.74,7.77,0.13,0.00,0.00
-7.03,-1.78,7.88,0.13,-0.00,0.00
-7.10,-1.74,7.79,0.13,0.00,0.01
-6.95,-1.75,7.87,0.13,0.01,0.00
-7.04,-1.77,7.77,0.13,-0.00,0.00
-7.02,-1.69,7.81,0.14,-0.00,0.01
-7.06,-1.76,7.82,0.13,-0.00,0.01
-7.05,-1.76,7.81,0.13,-0.01,-0.00
-7.05,-1.69,7.79,0.12,0.00,0.01
-7.02,-1.80,7.85,0.14,-0.00,0.01
-7.06,-1.72,7.79,0.13,0.00,0.01
-7.06,-1.71,7.83,0.13,-0.00,0.01
-7.04,-1.78,7.83,0.13,-0.00,0.00
-7.02,-1.69,7.83,0.13,-0.01,0.01
-7.03,-1.78,7.79,0.13,0.00,0.01
-7.07,-1.76,7.93,0.13,-0.00,0.01
-7.06,-1.72,7.79,0.13,0.00,-0.00
-7.07,-1.76,7.82,0.12,0.01,0.01
-7.02,-1.74,7.89,0.13,0.00,0.01
-7.07,-1.73,7.77,0.12,0.01,0.03
-7.06,-1.73,7.79,0.13,0.00,0.02
-7.07,-1.72,7.68,0.13,0.00,0.01
-7.04,-1.76,7.80,0.14,-0.01,0.00
-7.13,-1.70,7.86,0.13,-0.00,-0.00
-7.00,-1.77,7.79,0.13,-0.00,0.00
-7.01,-1.78,7.84,0.13,-0.00,0.01
-7.04,-1.74,7.79,0.13,-0.00,0.00
-7.08,-1.67,7.84,0.13,-0.00,-0.00
-7.02,-1.83,7.69,0.12,-0.00,0.02
-7.10,-1.69,7.81,0.12,0.01,0.01
-7.00,-1.76,7.80,0.15,-0.01,-0.00
-7.04,-1.72,7.80,0.12,0.01,0.01
-7.03,-1.73,7.85,0.15,-0.02,-0.01
-7.07,-1.75,7.80,0.12,0.00,0.01
-6.90,-1.75,7.99,0.14,-0.01,0.02
-7.11,-1.80,7.65,0.14,-0.02,0.01
-7.08,-1.76,7.90,0.12,0.00,0.01
-6.94,-1.64,7.95,0.13,-0.00,0.00
-7.08,-1.85,7.70,0.11,0.03,0.02
-7.04,-1.66,7.81,0.12,0.01,0.01
-6.67,-1.75,7.74,0.14,-0.01,0.00
-7.03,-1.85,7.65,0.13,-0.02,0.02
-6.96,-1.66,7.78,0.12,-0.01,0.02
-6.84,-1.74,7.81,0.18,-0.04,-0.02
-6.99,-1.77,7.85,0.13,0.00,0.01
-7.15,-1.72,7.85,0.15,-0.04,0.06
-6.98,-1.80,7.87,0.13,-0.02,0.03
-7.05,-1.66,7.88,0.13,0.00,-0.00
-6.94,-1.76,7.78,0.12,0.01,-0.01
-7.04,-1.78,7.86,0.14,-0.00,-0.00
-6.99,-1.74,7.97,0.14,-0.02,0.01
-7.17,-1.67,7.71,0.14,-0.02,0.01
-7.18,-1.51,7.50,0.24,0.04,-0.11
-7.02,-1.77,7.91,0.15,-0.02,0.01
-7.03,-1.69,7.87,0.12,-0.00,0.04
-6.97,-1.65,7.87,0.13,-0.00,0.01
-7.00,-1.85,7.86,0.13,0.01,-0.01
-7.04,-1.68,7.93,0.10,0.02,0.01
-6.94,-1.77,7.89,0.14,-0.01,0.00
-7.10,-1.76,7.83,0.12,0.00,0.01
-6.98,-1.67,7.97,0.14,-0.01,0.01
-6.96,-1.81,7.81,0.12,0.00,0.01
-7.06,-1.67,7.87,0.14,-0.01,0.02
-6.92,-1.82,7.84,0.14,-0.03,0.01
-7.03,-1.72,7.96,0.22,0.02,-0.08
-6.81,-1.81,8.03,0.18,0.00,-0.03
-7.01,-1.73,7.87,0.14,-0.01,-0.00
-7.25,-1.64,7.55,0.24,0.02,-0.10
-6.77,-1.77,8.13,0.15,0.01,-0.00
-6.95,-1.82,7.92,0.12,0.02,0.01
-7.03,-1.68,7.85,0.15,-0.01,0.01
-6.92,-1.78,7.81,0.12,0.01,0.01
-7.04,-1.69,7.88,0.14,0.01,0.00
-6.96,-1.72,7.87,0.11,0.01,0.02
-7.06,-1.76,7.79,0.14,0.02,-0.00
-7.03,-1.71,7.89,0.15,-0.04,0.01
-6.98,-1.73,7.89,0.14,-0.00,-0.01
-6.98,-1.78,7.80,0.13,-0.01,0.01
-7.05,-1.71,8.13,0.13,0.00,0.01
-7.09,-1.61,7.85,0.07,0.05,-0.02
-6.90,-1.69,7.67,0.13,0.02,0.00
-6.89,-1.80,7.81,0.13,-0.08,0.03
-6.98,-1.71,7.91,0.14,0.02,-0.02
-6.99,-1.73,7.89,0.13,0.00,0.00
-7.02,-1.76,7.85,0.13,-0.00,0.01
-6.97,-1.72,7.92,0.13,-0.00,0.01
-7.03,-1.76,7.88,0.14,-0.01,0.01
-6.94,-1.75,7.81,0.13,-0.00,0.01
-7.00,-1.68,7.87,0.13,-0.00,0.01
-7.00,-1.78,7.84,0.13,-0.00,0.01
-6.98,-1.69,7.90,0.13,-0.00,0.01
-7.00,-1.72,7.83,0.13,0.00,0.01
-6.97,-1.75,7.86,0.13,-0.00,0.01
-6.99,-1.70,7.89,0.13,0.01,-0.00
-7.02,-1.77,7.86,0.13,0.00,0.01
-6.97,-1.75,7.87,0.13,0.00,0.01
-7.02,-1.72,7.89,0.13,0.00,-0.00
-6.99,-1.71,7.84,0.13,0.00,0.01
-7.00,-1.74,7.87,0.13,-0.00,0.01
-7.01,-1.72,7.83,0.13,-0.00,0.01
-6.98,-1.74,7.87,0.13,-0.00,0.01
-7.00,-1.71,7.84,0.13,-0.00,0.01
-6.97,-1.73,7.88,0.13,-0.00,0.01
-6.99,-1.72,7.83,0.13,-0.00,0.01
-6.99,-1.73,7.87,0.13,-0.00,0.01
-6.97,-1.76,7.92,0.13,-0.00,0.01
-7.07,-1.71,7.89,0.13,-0.01,0.01
-7.03,-1.70,7.90,0.13,-0.00,0.01
-7.02,-1.77,7.88,0.14,-0.00,0.00
-7.01,-1.69,7.88,0.12,0.00,0.01
-6.97,-1.76,7.88,0.13,-0.00,0.01
-7.00,-1.74,7.86,0.13,-0.00,0.01
-6.98,-1.75,7.86,0.14,-0.00,0.01
-7.01,-1.73,7.86,0.13,0.00,0.01
-6.99,-1.75,7.83,0.13,-0.00,0.01
-7.01,-1.73,7.85,0.13,-0.00,0.01
-7.02,-1.74,7.84,0.13,-0.00,0.01
-7.05,-1.70,7.82,0.12,0.01,0.01
-7.00,-1.75,7.86,0.13,-0.00,0.01
-6.93,-1.80,7.87,0.14,-0.01,-0.00
-7.03,-1.67,7.79,0.13,-0.00,0.01
-7.03,-1.75,7.89,0.10,0.03,0.02
-6.92,-1.71,7.92,0.15,-0.01,-0.00
-7.08,-1.75,7.77,0.13,0.01,0.00
-7.02,-1.79,7.78,0.12,0.01,0.01
-5.75,-1.34,7.97,-0.22,-0.10,0.34
-7.20,-1.72,8.22,0.17,-0.03,0.02
-7.66,-1.86,8.27,0.12,0.06,0.00
-7.07,-1.70,7.79,0.12,0.00,0.00
-7.09,-1.81,7.77,0.14,-0.00,0.01
-7.04,-1.71,7.77,0.13,-0.00,0.01
-7.10,-1.79,7.77,0.13,0.00,0.01
-7.10,-1.77,7.81,0.13,-0.00,0.01
-7.05,-1.76,7.81,0.13,-0.00,0.01
-7.08,-1.77,7.76,0.13,-0.00,0.01
-7.06,-1.74,7.79,0.13,-0.00,0.01
-7.10,-1.75,7.75,0.13,-0.00,0.01
-7.05,-1.77,7.83,0.12,-0.01,0.01
-7.04,-1.75,7.82,0.13,-0.00,0.01
-7.09,-1.77,7.74,0.13,-0.00,0.01
-7.07,-1.75,7.79,0.13,0.00,0.01
-7.07,-1.78,7.80,0.13,-0.00,0.01
-7.05,-1.76,7.78,0.13,-0.00,0.01
-7.10,-1.73,7.74,0.13,-0.00,0.01
-7.05,-1.76,7.79,0.13,-0.00,0.01
-7.06,-1.75,7.83,0.13,0.00,0.01
-7.10,-1.75,7.77,0.13,-0.00,0.01
-7.05,-1.75,7.82,0.14,-0.01,-0.00
-7.09,-1.74,7.77,0.13,-0.00,0.01
-7.01,-1.81,7.79,0.14,-0.01,0.02
-7.01,-1.75,7.78,0.14,-0.01,0.01
-7.07,-1.73,7.76,0.13,0.01,0.00
-6.98,-1.77,7.83,0.09,0.02,0.03
-7.09,-1.71,7.89,0.13,-0.00,0.01
-7.02,-1.76,7.78,0.13,-0.00,0.01
-7.02,-1.72,7.87,0.13,-0.00,0.01
-7.03,-1.75,7.84,0.13,-0.00,0.01
-7.01,-1.77,7.84,0.13,0.00,0.01
-7.03,-1.70,7.85,0.13,-0.00,0.00
-7.03,-1.76,7.82,0.13,-0.00,0.01
-7.01,-1.74,7.87,0.13,-0.00,0.01
-7.05,-1.75,7.83,0.13,-0.00,0.01
-7.06,-1.71,7.79,0.13,-0.00,0.01
-7.00,-1.75,7.87,0.13,-0.00,0.01
-7.06,-1.75,7.79,0.13,-0.00,0.01
-7.02,-1.70,7.86,0.14,-0.00,0.00
-7.05,-1.79,7.82,0.13,-0.00,0.01
-7.04,-1.69,7.82,0.13,-0.01,-0.00
-6.98,-1.79,7.86,0.13,-0.00,0.01
-7.05,-1.74,7.83,0.13,-0.00,0.01
-7.02,-1.72,7.86,0.13,-0.00,0.01
-7.04,-1.77,7.85,0.13,-0.00,0.01
-7.03,-1.72,7.85,0.13,-0.00,0.01
-7.03,-1.76,7.85,0.13,-0.00,0.01
-7.01,-1.72,7.85,0.13,-0.00,0.01
-7.03,-1.75,7.83,0.13,-0.00,0.01
-7.04,-1.76,7.83,0.13,0.00,0.01
-7.02,-1.73,7.84,0.12,0.01,0.01
-7.06,-1.74,7.81,0.12,0.00,0.01
-7.05,-1.73,7.81,0.13,-0.00,0.01
-7.02,-1.75,7.79,0.13,-0.01,0.01
-7.06,-1.71,7.80,0.13,0.00,0.01
-7.02,-1.76,7.82,0.13,-0.00,0.01
-7.04,-1.75,7.82,0.14,-0.02,0.01
-7.07,-1.70,7.77,0.12,0.00,0.01
-7.02,-1.78,7.83,0.13,-0.00,0.01
-7.07,-1.70,7.79,0.12,0.01,0.00
-7.07,-1.75,7.79,0.13,-0.00,0.01
-7.03,-1.73,7.84,0.12,0.01,0.00
-7.03,-1.75,7.80,0.13,0.00,0.01
-7.05,-1.75,7.81,0.13,0.00,0.00
-7.02,-1.72,7.81,0.13,0.00,0.01
-7.06,-1.79,7.81,0.13,-0.00,0.00
-7.06,-1.72,7.79,0.13,-0.00,0.01
-7.03,-1.79,7.79,0.13,-0.01,0.01
-7.02,-1.73,7.83,0.13,-0.01,0.02
-7.03,-1.78,7.81,0.14,0.00,-0.00
-7.02,-1.76,7.78,0.17,-0.05,0.00
-6.98,-1.68,7.90,0.12,0.00,0.00
-7.04,-1.74,7.89,0.14,-0.03,0.00
-6.94,-1.70,7.95,0.15,0.01,-0.02
-6.92,-1.70,7.99,0.16,0.00,-0.03
-6.96,-1.81,7.83,0.12,0.03,0.01
-6.99,-1.71,7.91,0.11,0.03,0.01
-6.97,-1.78,7.80,0.14,-0.01,-0.00
-7.05,-1.73,7.81,0.12,0.00,0.02
-6.98,-1.76,7.88,0.14,-0.01,0.00
-7.01,-1.72,7.87,0.14,-0.01,0.01
-7.00,-1.73,7.82,0.13,0.00,0.01
-6.98,-1.75,7.90,0.13,-0.00,0.00
-7.01,-1.72,7.87,0.13,-0.00,0.01
-7.00,-1.74,7.83,0.13,-0.00,0.01
-6.97,-1.73,7.91,0.13,-0.00,0.01
-7.03,-1.73,7.87,0.12,0.01,0.01
-6.99,-1.75,7.86,0.13,-0.00,0.01
-7.00,-1.71,7.88,0.11,0.02,-0.00
-6.98,-1.77,7.85,0.13,-0.00,0.01
-7.00,-1.72,7.86,0.13,-0.00,0.01
-7.02,-1.74,7.86,0.14,-0.00,0.02
-7.02,-1.75,7.84,0.12,0.01,0.01
-7.03,-1.70,7.86,0.12,0.00,0.01
-7.01,-1.76,7.85,0.12,-0.00,0.02
-7.01,-1.74,7.86,0.13,0.00,0.01
-7.05,-1.74,7.82,0.12,0.01,0.01
-7.00,-1.76,7.86,0.13,-0.01,-0.00
-7.01,-1.75,7.83,0.13,-0.00,0.00
-7.01,-1.78,7.79,0.12,-0.00,0.01
-6.99,-1.76,7.87,0.13,-0.00,0.00
-7.02,-1.75,7.82,0.13,-0.01,0.01
-7.02,-1.73,7.85,0.14,-0.01,0.00
-6.97,-1.76,7.89,0.14,-0.01,-0.01
-6.97,-1.73,7.86,0.13,-0.01,0.00
-6.96,-1.75,7.92,0.14,-0.01,0.00
-6.99,-1.72,7.90,0.13,-0.00,0.00
-6.99,-1.71,7.95,0.15,-0.06,-0.01
-6.77,-1.75,8.11,0.13,0.03,-0.01
-6.93,-1.71,7.90,0.13,-0.01,0.01
-6.93,-1.75,7.94,0.13,0.00,0.01
-6.94,-1.72,7.92,0.13,0.00,0.01
-6.94,-1.75,7.92,0.13,0.00,0.01
-6.96,-1.73,7.90,0.11,0.01,0.02
-6.99,-1.71,7.90,0.13,-0.00,0.01
-6.95,-1.71,7.92,0.13,0.00,0.01
-7.00,-1.73,7.90,0.14,-0.01,0.01
-6.95,-1.74,7.91,0.13,0.00,0.00
-6.97,-1.74,7.89,0.13,-0.01,0.01
-6.94,-1.71,7.93,0.13,-0.00,0.01
-6.96,-1.75,7.88,0.13,-0.00,0.01
-6.98,-1.72,7.88,0.13,-0.00,0.01
-6.96,-1.74,7.87,0.13,-0.00,0.01
-6.95,-1.73,7.90,0.13,0.00,0.01
-6.95,-1.72,7.90,0.13,-0.00,0.01
-6.98,-1.74,7.88,0.13,0.00,0.01
-6.91,-1.72,7.95,0.13,-0.00,0.01
-7.00,-1.72,7.87,0.13,0.00,0.01
-6.98,-1.75,7.89,0.13,-0.00,0.01
-6.93,-1.72,7.95,0.13,-0.00,0.01
-6.99,-1.75,7.86,0.13,0.00,0.01
-6.97,-1.70,7.88,0.13,-0.00,0.00
-7.00,-1.74,7.87,0.13,0.00,0.01
-6.96,-1.72,7.88,0.13,-0.00,0.01
-6.99,-1.75,7.89,0.13,0.00,0.01
-6.96,-1.74,7.87,0.13,-0.00,0.01
-6.97,-1.74,7.89,0.14,-0.00,0.01
-6.97,-1.74,7.90,0.13,0.00,0.01
-6.96,-1.72,7.90,0.13,-0.00,0.01
-6.98,-1.73,7.86,0.13,0.00,0.01
-6.94,-1.75,7.91,0.13,0.01,0.01
-6.97,-1.73,7.85,0.13,0.00,0.00
-7.00,-1.76,7.86,0.13,-0.02,-0.00
-6.95,-1.73,7.89,0.12,0.00,0.01
-6.96,-1.74,7.93,0.13,-0.01,-0.01
-6.99,-1.72,7.87,0.13,-0.01,0.01
-6.95,-1.76,7.87,0.13,-0.00,0.01
-7.00,-1.71,7.81,0.13,0.00,-0.01
-6.99,-1.71,7.89,0.14,-0.00,-0.00
-6.92,-1.75,7.91,0.14,-0.02,0.02
-7.18,-1.71,8.14,0.14,-0.04,-0.00
-7.00,-1.72,7.98,0.12,0.01,0.01
-6.81,-1.72,7.74,0.14,-0.00,0.01
-7.01,-1.71,7.92,0.14,-0.01,-0.01
-6.97,-1.71,7.88,0.14,-0.01,-0.00
-6.95,-1.72,7.96,0.13,-0.00,0.01
-6.93,-1.73,7.96,0.12,0.01,0.01
-6.92,-1.67,7.89,0.11,0.04,0.01
-7.01,-1.81,7.87,0.11,0.04,-0.00
-6.97,-1.70,7.90,0.11,0.03,0.02
-7.02,-1.78,7.78,0.13,-0.01,0.01
-7.03,-1.74,7.78,0.14,-0.02,0.02
-6.97,-1.69,7.92,0.12,0.01,0.01
-6.99,-1.80,7.81,0.14,-0.01,-0.00
-7.00,-1.66,7.89,0.13,-0.00,0.01
-7.02,-1.79,7.83,0.14,-0.01,0.01
-6.99,-1.73,7.86,0.13,-0.00,0.01
-6.99,-1.74,7.89,0.14,-0.01,0.01
-7.02,-1.75,7.82,0.13,-0.00,0.01
-7.00,-1.74,7.84,0.13,-0.00,0.01
-6.96,-1.72,7.90,0.14,-0.01,0.01
-7.01,-1.71,7.87,0.13,-0.01,0.01
-6.97,-1.73,7.87,0.13,-0.00,0.01
-6.98,-1.74,7.91,0.13,-0.00,0.00
-7.03,-1.71,7.84,0.13,-0.00,0.01
-6.95,-1.77,7.88,0.13,-0.00,0.01
-6.98,-1.72,7.94,0.13,0.00,0.01
-7.00,-1.74,7.86,0.13,0.00,0.01
-6.97,-1.72,7.90,0.15,-0.03,0.01
-6.97,-1.74,7.89,0.13,-0.01,0.00
-7.00,-1.73,7.86,0.12,-0.00,0.01
-6.91,-1.77,8.05,0.13,-0.01,-0.00
-7.09,-1.64,7.86,0.12,-0.00,-0.02
-6.92,-1.79,7.90,0.12,0.02,-0.01
-6.98,-1.70,7.94,0.13,0.00,0.01
-6.99,-1.73,7.88,0.13,-0.00,0.01
-6.94,-1.77,7.87,0.13,0.00,0.01
-6.97,-1.65,7.94,0.13,-0.00,0.01
-6.96,-1.78,7.87,0.13,0.00,0.01
-6.93,-1.72,7.93,0.13,-0.00,0.01
-6.97,-1.71,7.93,0.14,-0.01,0.01
-6.97,-1.74,7.88,0.13,-0.00,0.01
-6.95,-1.73,7.94,0.13,-0.00,0.01
-6.97,-1.72,7.91,0.13,0.00,0.01
-6.97,-1.70,7.92,0.13,-0.00,0.01
-6.95,-1.76,7.93,0.13,0.00,0.01
-6.99,-1.75,7.87,0.13,0.00,0.01
-6.93,-1.72,7.91,0.13,0.00,0.01
-6.95,-1.74,7.89,0.13,0.00,0.00
-7.02,-1.73,7.83,0.12,0.01,0.01
-6.92,-1.72,7.95,0.13,0.00,0.01
-6.95,-1.76,7.88,0.13,-0.00,0.01
-7.03,-1.70,7.82,0.13,-0.00,0.01
-6.88,-1.74,7.96,0.12,0.01,0.01
-7.03,-1.74,7.87,0.12,0.02,0.01
-7.03,-1.70,7.89,0.11,0.03,0.01
-6.95,-1.75,7.94,0.12,0.01,-0.00
-7.02,-1.75,7.78,0.12,-0.02,0.03
-7.03,-1.72,7.84,0.13,-0.00,0.01
-6.97,-1.77,7.91,0.13,-0.00,0.01
-7.04,-1.74,7.80,0.13,0.00,0.01
-7.00,-1.74,7.88,0.13,-0.00,0.01
-7.04,-1.73,7.85,0.13,0.00,0.00
-7.00,-1.70,7.88,0.14,-0.00,0.00
-7.02,-1.72,7.83,0.13,0.00,-0.00
-6.96,-1.75,7.88,0.12,0.01,-0.00
-6.97,-1.73,7.85,0.11,0.00,0.03
-6.82,-1.47,7.86,-0.02,0.26,0.07
-7.74,-1.96,7.75,0.19,-0.17,0.10
-6.94,-1.85,7.63,0.10,0.05,-0.00
-6.98,-1.75,8.15,0.13,0.01,0.01
-6.96,-1.72,7.81,0.16,-0.03,-0.00
-7.09,-1.67,7.91,0.13,0.00,0.00
-7.00,-1.77,7.84,0.13,0.00,0.01
-7.05,-1.70,7.79,0.13,-0.04,0.01
-7.04,-1.71,7.74,0.12,0.00,0.01
-7.08,-1.69,7.90,0.09,0.05,0.01
-6.91,-1.75,7.93,0.15,-0.02,0.01
-7.08,-1.75,7.74,0.13,-0.02,-0.01
-7.00,-1.65,7.95,0.12,-0.00,0.01
-6.98,-1.82,7.88,0.13,0.00,0.00
-7.05,-1.68,7.85,0.14,-0.01,0.01
-7.02,-1.73,7.83,0.14,-0.01,0.01
-7.00,-1.77,7.88,0.06,0.05,0.04
-7.10,-1.68,7.71,0.17,-0.09,-0.01
-7.18,-1.71,7.56,0.13,-0.06,0.03
-7.04,-1.73,7.89,0.36,0.19,-0.21
-7.10,-1.72,7.72,0.14,0.00,-0.00
-7.00,-1.73,7.85,0.12,0.01,0.00
-7.11,-1.66,7.78,0.13,-0.01,0.02
-7.15,-1.71,7.63,0.17,-0.06,-0.01
-7.01,-1.73,7.87,0.11,0.01,0.01
-7.08,-1.76,7.77,0.12,0.01,0.01
-6.98,-1.69,7.84,0.14,-0.01,0.01
-6.98,-1.79,7.83,0.12,0.02,0.01
-7.15,-1.65,7.80,0.14,0.01,0.01
-7.00,-1.77,7.79,0.13,0.00,0.01
-7.09,-1.70,7.73,0.12,0.03,0.01
-6.83,-1.75,7.65,0.16,-0.00,-0.01
-6.67,-0.96,8.49,0.04,0.03,0.07
-9.80,-3.91,5.33,-0.27,-0.32,0.52
-7.37,-1.61,7.48,0.17,-0.09,-0.01
-7.13,-1.75,7.58,0.10,0.02,0.02
-7.08,-1.61,7.70,0.12,-0.00,0.02
-7.04,-1.77,7.85,0.12,0.00,0.01
-7.07,-1.72,7.86,0.13,0.00,0.01
-7.16,-1.82,7.64,0.13,0.00,0.01
-6.90,-1.55,8.01,0.13,0.00,0.01
-7.18,-1.78,7.62,0.12,0.00,0.00
-6.95,-1.70,7.90,0.13,-0.00,0.01
-7.10,-1.76,7.71,0.13,0.00,0.01
-7.08,-1.69,7.82,0.13,-0.00,0.01
-7.04,-1.76,7.78,0.14,-0.02,0.00
-7.12,-1.71,7.73,0.14,-0.01,0.01
-6.84,-1.76,7.90,0.13,0.01,0.01
-7.11,-1.69,7.77,0.13,-0.00,0.01
-7.05,-1.72,7.82,0.13,-0.00,0.01
-7.04,-1.73,7.81,0.13,-0.00,0.00
-7.06,-1.67,7.87,0.13,-0.00,0.01
-7.04,-1.75,7.81,0.13,-0.00,0.01
-7.59,-2.05,8.53,0.02,0.20,-0.09
-7.04,-1.69,7.81,0.17,-0.03,-0.01
-6.87,-1.77,7.39,0.05,0.11,0.05
-7.01,-1.67,7.69,0.10,0.01,0.01
-7.09,-1.75,7.81,0.12,-0.00,0.02
-5.64,2.57,10.45,0.88,-1.35,-0.13
-4.86,-1.01,11.40,-1.23,0.65,1.14
-7.51,-2.06,8.37,-3.88,0.50,-2.23
-6.87,-3.43,3.20,-1.67,-0.39,-3.25
-5.04,-7.32,3.67,-2.22,-0.82,-5.89
1.60,-9.74,3.90,-1.56,-0.28,-4.62
5.87,-8.85,-0.80,-1.07,-0.45,-0.48
4.76,-8.88,-2.03,-2.17,0.74,0.83
6.34,-6.60,0.22,-0.30,0.82,0.09
6.82,-6.93,0.19,0.15,0.58,-0.73
5.82,-3.18,-0.59,-1.73,0.08,-1.24
6.32,-4.25,-2.21,-0.72,0.88,0.82
9.17,-9.28,0.19,3.22,1.20,-2.11
8.66,-4.21,2.86,0.11,0.56,0.23
8.30,-6.69,0.57,-1.32,2.33,-0.84
6.82,-5.14,3.29,-0.08,0.23,0.15
7.94,-6.17,-0.22,-0.13,0.41,0.01
7.17,-5.24,0.29,-0.82,0.58,1.21
7.09,-5.16,0.62,-1.98,-0.64,0.30
7.55,-5.90,1.91,0.92,0.09,0.27
8.87,-2.75,3.33,0.39,-0.14,0.17
6.44,-7.32,1.83,-0.33,-0.34,1.23
9.53,-6.31,-0.06,-1.08,0.84,0.62
6.05,-10.48,1.14,0.00,0.91,-0.17
6.39,-7.32,2.62,-0.26,1.29,-0.27
6.76,-8.31,1.49,0.26,0.29,0.46
6.76,-7.60,3.33,1.00,-0.04,-0.71
7.13,-7.14,4.45,0.14,-0.23,0.15
7.24,-7.13,4.45,-0.51,0.53,0.65
7.11,-9.42,1.18,-0.04,-0.16,0.61
3.31,-10.71,3.70,0.58,-0.95,0.71
4.10,-6.37,1.28,0.07,-0.36,0.13
6.43,-6.39,2.31,-0.61,-0.19,-1.29
7.08,-6.26,0.96,-1.28,-0.87,0.02
6.49,-6.10,-0.91,0.17,-0.31,-0.36
7.36,-5.51,0.52,-0.17,0.01,-0.30
8.00,-7.07,-0.59,-0.01,-0.32,0.31
7.48,-6.34,-0.21,0.36,-0.21,-0.05
6.89,-7.68,-1.17,0.06,0.29,0.13
8.06,-6.21,-1.65,0.44,-0.14,-1.23
8.65,-4.49,0.06,0.45,0.01,-0.22
7.62,-6.09,-0.18,0.32,-0.17,0.58
8.10,-5.80,-0.30,-0.17,-0.04,-0.25
7.48,-6.69,-0.84,0.50,-0.12,-0.21
8.92,-5.15,-0.14,-0.00,-0.02,-0.92
8.66,-4.79,0.17,0.46,0.07,0.05
8.27,-5.53,0.46,0.96,0.59,-0.18
9.32,-5.04,0.99,0.83,0.18,-0.53
8.39,-4.77,0.88,0.07,-0.07,-0.92
10.09,-3.32,1.38,-0.05,0.22,-0.37
9.85,-5.12,1.16,0.35,0.39,-0.02
9.40,-4.28,1.85,0.28,0.64,0.13
9.48,-4.91,2.01,0.54,0.49,-0.25
9.34,0.80,2.26,0.03,0.29,-0.71
8.50,-1.33,2.89,-2.84,-0.25,-0.88
7.60,-5.42,7.89,-0.67,-0.57,-0.74
8.88,-3.65,2.01,1.67,-0.28,-0.66
12.42,-1.01,-3.58,1.03,-0.78,-0.06
13.65,-0.07,-5.60,-0.27,0.02,0.00
7.69,-1.08,-3.18,-0.26,-0.14,0.43
7.31,-1.58,1.51,0.96,-0.36,-1.40
10.05,2.96,1.36,0.60,0.56,-1.10
14.08,-0.59,5.25,0.56,2.68,0.60
10.38,-0.55,7.76,0.90,1.57,1.92
4.72,-0.74,7.91,-0.42,-0.18,2.32
5.77,-1.35,3.80,-0.83,-1.08,-1.79
8.09,1.46,-0.74,-0.78,-0.85,-1.59
12.79,-1.33,-1.70,-0.58,-1.07,-0.23
14.21,-3.72,-1.46,-0.22,-0.41,0.53
10.09,-2.93,-0.79,0.24,-0.38,1.06
7.58,-1.48,-0.85,0.77,-0.82,1.23
7.60,-0.00,-1.14,0.36,0.16,-1.59
10.53,-0.82,-0.10,-0.04,1.02,0.40
13.87,-5.91,4.33,0.19,0.77,0.53
11.00,-2.97,3.88,0.97,0.10,-0.73
7.85,-0.40,3.08,0.65,-0.32,1.02
8.48,2.08,3.00,0.38,-0.30,0.77
5.63,2.06,2.67,-0.29,0.43,-0.60
9.90,-4.44,1.41,-0.62,-0.23,0.24
17.29,-9.96,-1.05,-0.33,-0.43,0.25
10.34,-5.62,-0.66,0.38,-0.20,-0.16
7.51,-0.03,0.84,-0.18,-0.17,0.32
8.01,1.86,1.45,0.07,0.30,-0.32
6.72,4.44,3.13,0.05,0.36,0.70
8.54,-8.86,-0.05,-0.01,0.06,-0.74
15.92,-11.64,-0.64,0.05,0.17,-0.88
9.91,-5.11,0.41,0.52,-0.00,-0.43
7.40,-0.16,1.46,0.23,-0.28,0.92
8.43,1.24,2.12,0.06,0.11,-0.65
8.25,3.81,3.21,0.34,0.14,-0.04
1.87,4.25,2.80,-0.30,0.12,-0.15
22.32,-15.45,-2.82,-0.39,-1.15,2.30
11.36,-10.19,-1.45,0.50,0.55,-1.43
7.83,-3.60,0.08,0.46,-0.06,-0.10
7.19,1.76,1.08,-0.19,-0.11,-0.77
8.71,4.51,2.66,0.25,0.22,-0.00
3.72,6.52,4.07,-0.13,0.10,0.67
6.38,-10.13,-2.19,0.36,-0.52,1.28
17.19,-19.33,-2.00,0.09,0.60,-0.90
9.22,-9.58,-1.03,0.32,0.39,-3.10
0.82,4.54,1.08,0.24,0.42,-1.38
7.52,11.28,4.58,0.16,0.37,-0.51
5.89,9.31,4.24,0.23,-0.39,2.67
0.02,-1.75,1.70,-0.09,-0.90,1.99
15.79,-14.25,-3.46,0.02,-0.74,1.96
13.05,-15.56,-1.98,0.15,0.75,-2.19
7.47,-6.22,-0.23,-0.05,1.06,-5.58
-1.03,10.71,3.04,-0.13,0.41,-2.49
2.21,12.24,3.73,0.72,-0.11,2.33
-4.02,2.90,2.53,-0.26,-1.12,6.77
15.02,-16.44,-5.40,-0.69,-1.33,3.51
15.09,-18.60,-4.13,0.40,0.53,-1.43
8.22,-9.90,-1.68,0.87,1.20,-6.16
-5.54,9.61,1.68,0.33,0.80,-4.87
2.18,12.88,2.81,0.93,0.02,1.65
-0.36,4.04,1.75,0.83,-0.38,6.51
9.63,-15.02,-1.97,0.50,-0.04,4.09
11.68,-20.61,-1.23,-0.14,0.48,-1.49
7.69,-12.59,0.23,0.66,0.11,-5.17
-5.16,5.37,-0.49,0.53,0.30,-5.79
4.34,14.68,1.11,0.53,0.10,0.55
2.54,9.29,1.13,-0.28,0.40,4.51
-1.90,-12.08,0.14,-1.33,0.32,5.38
14.55,-22.94,-1.02,-0.37,-0.11,0.25
8.97,-14.06,-0.51,0.40,0.60,-4.63
-0.91,-2.88,0.95,1.81,0.24,-6.87
1.01,15.50,-0.34,0.33,-0.26,-1.99
3.72,10.24,1.56,0.65,-0.07,3.46
0.79,4.67,0.89,-0.22,0.05,5.15
19.57,-20.66,-3.11,0.03,-0.22,3.13
9.77,-10.25,-0.57,-0.32,0.61,-1.41
7.23,-2.76,0.95,0.03,0.31,-1.02
8.28,-0.50,0.97,-0.19,0.19,-0.66
8.90,-2.02,0.85,0.15,-0.03,-0.11
10.01,-2.98,0.61,0.28,0.06,0.20
9.92,-3.02,0.95,0.21,0.16,-0.02
9.61,-2.38,1.25,0.12,0.10,-0.11
9.66,-2.45,1.00,0.09,-0.06,0.01
9.83,-2.39,0.74,0.13,0.01,-0.01
9.84,-2.54,0.54,-0.25,-0.02,0.08
9.60,-2.35,0.80,-0.45,-0.06,0.22
9.74,-2.97,1.07,-0.16,-0.10,0.18
9.44,-2.88,0.63,0.19,-0.10,0.18
9.58,-2.64,0.26,0.28,-0.03,-0.11
9.57,-2.04,0.59,0.27,-0.11,0.35
9.71,-3.93,-0.02,0.25,-0.08,0.41
9.45,-3.81,0.11,0.09,-0.14,0.24
9.40,-3.89,-0.10,0.10,0.00,0.02
9.31,-3.63,0.03,0.15,0.15,-0.18
9.36,-3.45,0.42,0.12,0.22,-0.25
9.05,-3.70,0.51,0.31,0.19,-0.47
9.67,-3.33,0.52,0.41,0.10,-0.18
9.81,-3.40,1.33,1.05,-0.05,-0.29
9.85,-1.80,0.82,0.77,-0.02,-0.04
9.50,-1.88,1.12,-0.11,-0.03,-0.11
9.84,-2.74,1.01,-0.59,-0.21,0.06
9.85,-2.94,0.87,-0.01,0.00,0.10
9.70,-2.67,0.83,0.17,0.08,0.03
9.45,-3.00,0.88,0.25,0.03,0.05
9.89,-2.84,1.08,0.55,-0.07,0.10
10.45,0.36,2.20,-0.44,-0.06,-0.02
5.69,-1.63,-2.22,-6.28,-4.40,-1.39
11.67,-7.92,-9.44,5.73,0.09,-0.47
4.49,10.24,-13.14,-0.49,2.55,0.29
8.83,-12.36,-7.60,-6.13,-0.32,0.26
6.28,5.13,0.46,8.73,3.52,2.75
20.24,-15.82,-2.86,-4.98,-5.18,-0.08
2.90,14.59,-3.53,1.73,1.27,-0.92
21.81,-17.88,-2.84,1.91,1.95,0.16
3.17,-1.97,-5.23,-6.10,-4.12,0.12
2.83,14.67,-6.87,7.21,3.20,0.81
20.09,-20.03,-2.41,-0.72,0.48,0.32
1.51,2.37,-1.58,-3.16,-2.49,0.52
2.95,4.82,-2.07,2.90,2.83,0.93
7.38,-13.16,-0.62,-0.85,-0.28,0.75
4.83,-5.38,0.87,-1.41,-0.39,-0.10
4.21,-11.75,-0.09,4.14,1.81,0.45
28.84,-28.62,-0.85,-4.11,-0.73,-0.02
3.71,24.43,0.39,2.84,-0.13,0.08
13.76,-14.26,0.93,-1.41,0.13,0.13
6.40,-3.60,0.66,-0.28,-1.07,-1.21
3.97,-0.27,-5.12,0.12,0.33,-0.51
13.17,-8.06,-1.74,-0.17,0.84,-0.26
9.04,0.52,-2.60,4.75,3.74,1.31
4.15,3.00,6.95,-0.44,1.78,-0.07
2.78,-6.44,10.64,-4.27,-2.30,-1.22
9.41,-12.13,3.00,-1.31,-4.99,-2.92
5.26,-4.60,-6.16,3.08,-2.99,-2.92
8.21,4.89,-14.48,2.18,-0.17,-0.39
8.93,0.65,-12.96,-1.29,2.97,1.13
7.46,-2.09,-6.02,-0.60,4.08,1.37
5.78,-2.34,2.31,0.07,2.37,0.94
3.27,-5.75,10.58,0.31,2.02,0.91
5.73,-10.08,14.90,0.76,-0.74,0.27
4.83,-7.26,10.11,0.64,-2.73,-1.19
3.39,-1.60,2.84,0.37,-3.38,-1.64
5.69,1.43,-5.98,0.00,-2.69,-0.75
12.00,1.30,-11.34,0.13,-1.16,-0.14
14.53,-0.76,-14.14,-0.42,1.07,0.09
6.83,-2.09,-10.47,-0.67,3.35,0.53
2.22,-0.07,0.28,0.82,3.00,0.98
3.48,1.76,7.98,0.33,2.39,0.62
6.95,-3.52,14.05,1.14,1.55,1.20
6.70,-4.86,13.75,0.56,-0.42,0.32
4.44,-4.68,12.32,0.69,-2.12,-0.39
4.52,-2.34,8.23,0.45,-3.62,-0.37
4.57,2.41,-2.28,-0.58,-3.51,-0.80
8.97,1.53,-9.41,-0.25,-2.02,0.02
10.89,-1.53,-11.37,-0.17,-0.06,0.96
11.40,-4.86,-9.56,-0.25,1.53,0.41
7.40,-4.50,-7.53,-0.10,2.92,-0.30
5.29,-0.72,-0.38,0.50,2.26,-0.06
5.20,1.51,4.09,1.01,2.17,-0.18
7.97,2.32,11.68,1.11,1.53,0.65
6.99,-2.16,12.03,0.48,0.12,0.62
6.60,-2.91,10.10,0.21,-0.89,0.57
7.62,-2.60,7.83,0.02,-1.34,0.20
8.11,-1.33,4.95,-0.36,-1.55,-0.05
9.23,-2.60,-0.04,-0.67,-1.14,0.19
11.09,-2.90,-2.91,-0.27,-0.80,0.01
9.81,-3.67,-1.50,-0.50,0.08,0.13
9.47,-3.32,-0.28,-0.50,0.18,-0.05
9.28,-2.09,-0.31,-0.75,0.06,0.04
9.82,-2.85,-0.39,-0.71,0.00,0.01
9.79,-1.24,-1.17,-1.06,0.33,0.03
9.83,-2.39,-0.56,-1.52,0.44,0.21
9.75,-4.40,0.93,-0.38,0.38,0.41
9.81,-5.27,1.98,1.34,0.30,0.23
8.99,-3.72,2.66,2.14,0.39,-0.08
8.88,-2.51,2.98,1.48,0.02,-0.12
9.33,-1.44,2.72,0.67,-0.37,-0.23
9.90,-2.64,2.48,0.25,-0.26,-0.15
10.14,-1.21,1.85,0.33,-0.07,-0.16
10.23,-2.28,1.90,-0.21,0.11,-0.30
9.65,-2.17,2.31,0.02,-0.03,-0.13
9.84,-1.91,2.07,0.27,-0.15,0.13
10.21,-2.24,1.66,0.25,-0.14,0.10
9.93,-1.91,1.66,0.01,-0.07,0.16
9.38,-1.74,1.53,-0.46,-0.07,0.53
9.45,-3.20,1.30,-0.34,-0.28,1.10
9.75,-4.32,0.79,0.09,-0.06,0.33
9.71,-3.65,0.79,0.12,0.11,-0.01
9.47,-3.88,1.17,-0.02,0.21,-0.12
9.10,-3.42,1.62,0.08,0.20,-0.18
9.59,-3.65,1.84,0.02,0.03,0.01
9.47,-3.68,2.15,0.26,0.06,-0.14
9.04,-3.03,1.69,0.45,-0.17,-0.03
9.59,-3.16,1.34,0.46,-0.23,0.10
9.91,-3.64,1.44,0.14,0.08,-0.08
9.83,-3.47,1.67,0.03,0.18,-0.60
9.64,-2.25,1.85,0.07,0.15,-1.06
9.81,-0.77,2.22,0.13,0.31,-1.29
9.33,0.39,2.08,0.21,0.36,-1.64
9.54,0.86,1.89,0.14,0.06,-1.24
9.35,3.72,2.55,-0.32,0.28,-1.54
9.22,4.70,3.33,-0.39,0.41,-0.96
8.57,4.71,3.81,-0.41,0.29,-0.70
8.32,4.38,4.16,-0.56,0.04,-0.47
6.90,5.12,4.70,-0.54,-0.01,-0.37
6.61,5.62,4.73,-0.26,-0.47,-0.09
7.64,5.29,4.61,-0.37,-0.62,0.38
9.27,3.48,4.25,-0.10,-0.66,0.65
10.79,2.72,3.73,0.10,-0.25,0.26
8.88,3.11,3.19,0.23,-0.19,0.13
9.43,3.23,3.09,0.10,0.11,0.31
10.77,2.21,3.53,-0.07,0.28,0.57
7.81,2.61,3.90,0.39,0.25,0.00
9.16,2.29,3.99,0.10,-0.08,0.24
9.11,2.02,3.49,1.06,-0.60,0.94
10.07,1.59,2.47,1.59,-0.19,0.87
10.07,1.17,2.52,1.46,-0.08,1.00
10.03,0.77,2.67,0.84,0.45,0.23
10.55,-0.83,3.03,0.21,0.24,0.13
10.57,-0.56,3.08,0.56,-0.02,0.31
9.89,-0.36,3.20,0.76,0.04,0.19
9.42,-0.20,3.30,0.73,0.06,0.29
9.61,-0.38,3.21,0.62,-0.01,0.15
9.96,-0.39,3.40,0.33,0.08,0.13
9.64,-0.38,3.57,0.23,0.07,-0.01
10.00,-0.41,3.20,0.26,-0.06,0.10
10.10,-0.87,3.21,0.03,-0.10,0.04
10.04,-0.57,3.10,-0.05,-0.08,-0.04
10.22,-0.10,3.42,-0.56,0.21,0.22
9.26,-0.33,2.45,-1.66,0.36,0.27
9.11,-2.61,2.69,-1.71,0.10,-0.08
9.38,-2.44,2.90,-0.44,0.14,-0.44
10.04,-2.97,3.30,0.51,-0.20,0.15
10.18,-1.86,3.37,1.49,-0.62,0.11
10.34,-1.10,2.53,1.11,-0.25,0.01
10.05,-0.50,2.65,0.28,-0.12,0.35
9.20,-1.75,2.81,-0.43,-0.07,0.09
9.24,-2.26,0.65,-0.53,-0.58,0.10
10.41,-1.92,0.54,-0.65,-0.32,0.35
10.13,-2.69,1.03,-0.33,0.08,0.16
9.82,-3.06,1.09,-0.00,0.08,0.11
9.78,-2.72,0.86,0.28,-0.05,-0.05
9.75,-2.70,1.05,0.40,0.05,-0.04
9.79,-2.53,1.08,0.49,0.01,-0.15
9.98,-2.49,1.12,0.81,0.04,-0.15
10.00,-2.28,1.09,1.04,0.06,-0.14
10.27,-1.69,1.65,0.75,0.16,-0.18
9.83,-1.19,2.47,0.35,0.21,-0.05
9.41,-1.54,2.23,0.41,-0.07,-0.03
9.93,-1.72,1.89,0.49,-0.01,0.12
10.35,-1.68,2.17,0.42,0.12,0.04
10.08,-2.05,2.50,0.43,0.16,0.14
9.90,-1.93,2.59,0.40,0.10,0.05
9.65,-1.92,2.51,0.16,-0.03,0.01
9.98,-1.97,2.62,-0.04,-0.05,0.15
9.65,-2.28,2.47,-0.00,-0.05,0.14
9.60,-2.34,2.30,0.05,-0.16,0.24
9.82,-2.54,2.10,0.03,-0.04,0.09
9.52,-2.32,2.03,0.14,-0.06,-0.00
9.84,-2.53,1.97,0.28,-0.04,0.18
9.65,-2.83,2.07,0.25,-0.00,0.08
9.76,-2.80,2.13,0.23,0.01,-0.04
9.60,-2.74,2.26,0.18,0.03,-0.02
9.75,-2.51,2.44,0.16,0.02,-0.06
9.54,-2.53,2.32,0.19,-0.03,-0.07
9.90,-2.59,2.12,0.24,-0.04,0.00
9.97,-2.46,2.14,0.26,0.02,-0.16
9.76,-2.30,2.22,0.46,0.07,-0.16
9.70,-2.01,2.43,0.58,0.11,-0.09
9.63,-1.94,2.64,0.57,0.02,-0.13
9.79,-1.52,2.83,0.44,0.02,-0.12
9.86,-1.73,2.65,0.41,-0.06,-0.06
9.68,-1.03,2.60,0.22,-0.04,-0.11
9.98,-0.96,2.59,-0.22,-0.02,-0.04
9.89,-1.46,2.53,-0.41,-0.11,-0.06
10.09,-1.65,2.15,-0.23,-0.18,-0.09
10.11,-1.14,1.93,-0.23,0.00,-0.22
10.32,-0.96,1.84,-0.87,0.03,0.09
10.15,-0.57,1.52,-1.59,0.17,0.13
8.60,-1.79,0.88,-2.89,0.40,0.93
10.12,-5.45,2.01,-1.09,0.04,0.11
9.66,-3.12,1.36,0.31,0.03,-0.16
10.10,-2.62,1.52,0.17,-0.04,-0.29
9.77,-2.36,1.38,0.53,0.13,0.03
9.73,-1.53,2.00,0.28,-0.02,-0.42
10.02,-2.11,1.47,0.40,0.03,-0.61
10.68,-1.83,1.98,0.56,0.41,-0.19
10.01,-1.17,2.50,0.76,0.55,-0.43
9.71,-0.13,2.83,0.80,0.19,-0.33
9.65,0.94,2.56,0.74,-0.10,0.18
9.71,0.87,2.35,0.29,0.01,0.18
9.74,0.15,2.39,-0.11,-0.06,-0.11
9.85,0.14,2.46,-0.74,-0.39,-0.49
10.31,-0.85,2.30,-0.87,-0.19,-0.11
10.36,0.15,2.43,-0.06,-0.01,0.08
9.77,0.06,2.16,0.23,0.02,0.10
10.07,-0.37,2.33,0.69,0.14,0.10
10.15,-0.09,2.36,1.33,0.20,0.00
10.01,-0.06,2.41,1.67,0.30,-0.04
9.98,1.34,2.43,1.39,0.36,0.14
9.79,1.01,3.01,0.82,0.24,0.03
9.73,0.79,3.28,0.85,0.13,-0.05
9.73,1.38,3.27,0.58,0.02,0.14
9.82,0.80,3.27,0.26,-0.06,-0.09
9.91,1.33,3.23,0.19,-0.02,-0.11
9.65,1.19,3.11,0.08,-0.06,0.14
9.84,0.81,3.01,-0.05,-0.10,0.11
9.81,0.78,2.86,-0.01,-0.08,0.15
9.66,0.68,2.85,-0.02,-0.17,0.24
9.98,0.10,2.70,0.04,-0.15,0.13
10.12,0.05,2.63,0.14,-0.09,0.17
9.96,-0.06,2.46,0.17,-0.08,0.09
9.79,0.50,2.27,-0.24,-0.10,0.20
10.08,-0.69,2.36,-0.39,-0.10,0.05
10.06,-0.46,2.31,-0.06,-0.05,0.10
10.14,-0.58,2.24,0.16,-0.05,0.11
10.09,-0.63,2.16,0.27,-0.01,0.05
10.14,-0.76,2.20,0.78,0.18,-0.00
9.78,-0.24,2.41,0.72,0.24,0.12
9.96,-0.40,2.66,0.38,0.05,0.01
9.96,-0.29,2.67,0.27,-0.00,-0.04
9.96,-0.31,2.66,0.21,-0.01,-0.02
9.97,-0.31,2.66,0.20,-0.00,-0.05
10.29,-0.17,2.62,0.30,0.11,-0.31
9.92,0.28,2.89,0.47,0.19,-0.30
9.70,0.70,2.99,0.35,0.03,-0.05
9.80,0.70,2.91,0.18,-0.02,0.00
9.87,0.57,2.94,0.17,-0.00,0.03
9.82,0.54,2.96,0.18,0.02,0.03
9.96,0.69,3.02,0.22,-0.00,-0.01
9.83,0.58,2.97,0.19,0.00,0.06
9.97,0.54,2.95,0.18,-0.01,0.07
9.81,0.55,2.93,0.20,-0.02,-0.00
9.98,0.71,2.79,0.39,0.05,-0.04
9.89,0.19,3.04,0.51,0.18,-0.03
9.74,1.04,3.25,0.96,0.28,-0.17
9.49,1.58,3.21,0.46,0.07,0.17
9.64,1.02,3.23,0.15,-0.09,0.16
9.83,0.84,3.13,0.23,-0.07,0.10
9.82,0.68,3.11,0.31,-0.04,0.01
9.85,0.98,2.89,0.27,-0.05,0.08
9.86,1.01,2.95,0.26,-0.01,-0.07
9.84,0.98,3.00,0.18,-0.03,-0.01
9.89,0.94,2.86,0.20,-0.03,0.03
9.88,0.91,2.91,0.15,0.06,0.12
9.79,0.84,3.03,0.15,0.01,0.11
9.98,0.89,2.96,0.14,-0.02,0.03
9.94,0.76,2.97,0.13,-0.01,0.04
9.88,0.78,2.96,0.17,-0.02,0.01
9.91,0.78,2.91,0.16,-0.03,0.01
9.97,0.66,2.93,0.16,0.01,0.03
9.71,0.71,2.95,0.20,0.01,0.00
9.85,0.73,2.91,0.15,-0.00,0.03
9.85,0.87,2.90,0.10,0.00,0.08
9.58,0.44,2.94,-0.14,-0.14,0.25
10.17,0.29,2.75,0.11,-0.02,0.04
9.95,0.31,2.84,0.15,0.03,0.00
9.94,0.33,2.84,0.23,0.02,0.03
9.99,0.29,2.86,0.23,0.01,0.04
9.62,4.79,2.91,-0.98,-0.27,-0.14
8.68,-1.87,-0.98,-4.33,-1.66,0.59
13.56,-5.37,1.13,2.06,1.20,-0.04
7.07,3.87,2.05,-0.58,-0.26,0.33
10.31,-1.26,2.25,0.37,0.26,0.20
10.70,-1.88,1.96,-0.26,-0.32,-0.34
9.50,0.17,2.10,0.38,0.13,-0.26
11.31,-1.09,1.73,-0.14,-0.19,-0.03
9.25,-0.65,1.51,0.37,0.66,-0.68
9.53,1.58,2.83,-0.35,-0.06,-0.18
10.54,-0.27,2.48,0.13,0.15,0.23
9.76,0.69,2.57,-0.52,-0.17,0.70
9.48,-0.45,1.19,-1.35,-0.06,0.44
9.22,-2.01,2.59,-0.99,-0.01,0.42
10.35,-2.86,2.76,-0.07,-0.24,0.24
9.78,-1.13,2.04,0.57,0.02,0.01
9.94,-1.76,1.92,0.25,0.13,-0.21
9.62,-1.47,2.37,0.03,0.03,0.23
9.50,-2.45,2.13,-0.11,-0.36,0.31
10.28,-2.21,1.30,0.14,-0.25,-0.03
9.76,-1.01,1.36,0.03,-0.06,-0.25
9.26,-1.37,0.85,-0.45,-0.27,-0.20
10.03,-2.31,0.80,-0.01,-0.16,-0.31
10.08,-1.14,0.48,0.28,-0.18,-0.20
10.18,-1.70,0.44,0.18,-0.07,0.03
9.84,-1.91,0.33,0.41,0.02,0.11
9.99,-1.42,0.52,0.67,0.11,-0.19
10.20,-1.77,0.59,0.63,0.05,-0.25
10.16,-1.01,0.92,0.94,0.54,0.04
11.13,-2.85,1.77,1.19,0.47,0.21
9.83,-0.45,2.41,1.32,0.54,-0.19
9.80,-0.06,3.05,1.00,0.39,-0.16
9.83,0.41,3.15,0.52,0.15,-0.25
9.57,0.70,3.43,-0.33,0.05,-0.03
9.59,-0.54,3.41,-0.61,-0.34,0.14
9.94,-0.95,2.88,-0.23,-0.38,0.20
9.95,-1.06,2.71,-0.05,-0.19,0.22
9.90,-0.91,2.64,-0.08,-0.20,0.70
10.15,-1.76,2.03,-0.06,-0.31,0.28
10.09,-1.51,1.99,-0.04,-0.06,-0.02
9.77,-1.58,2.03,-0.05,-0.05,-0.11
9.89,-1.82,1.82,0.11,-0.09,-0.02
10.07,-1.52,1.59,0.22,-0.06,-0.02
9.96,-1.51,1.67,0.14,0.01,-0.00
10.03,-1.68,1.63,0.15,-0.07,0.09
10.23,-1.95,1.55,0.13,0.01,0.06
9.85,-1.58,1.60,0.12,0.00,-0.01
9.64,-0.73,1.63,-0.17,-0.06,0.00
9.37,-0.86,1.19,-1.04,-0.54,0.12
10.76,-3.20,0.36,-0.52,-0.33,0.21
10.23,-2.37,0.46,0.15,0.10,0.00
9.80,-1.78,0.38,0.42,0.05,-0.02
9.76,-1.82,0.57,0.36,0.09,0.09
10.15,-1.98,0.93,0.23,0.04,0.03
9.79,-2.12,0.70,0.23,-0.06,0.03
EEPROM cleared.
10.82,-1.47,0.68,0.41,0.12,0.02
9.99,-0.75,-0.50,0.87,-0.08,0.07
9.88,0.17,1.02,0.39,0.31,-0.01
11.59,-0.15,2.81,0.37,0.06,0.60
8.95,-3.72,2.76,0.61,-0.09,0.74
8.08,-5.01,2.40,0.62,-0.14,0.95
MPU6050 Found!
MAX_SAMPLES: 170
Resuming from sample #126
Send 'd' to dump, 'c' to clear.
1.65,0.07,-0.58,-0.79,-0.58,0.23
10.03,-6.78,-1.64,-2.11,-0.11,0.05
10.02,-6.03,-0.61,1.18,0.66,-0.02
9.32,-1.51,0.95,2.10,0.56,-0.18
9.12,-4.55,0.45,0.42,-0.05,-0.03
8.51,-3.62,-0.57,0.37,-0.16,-0.31
9.33,-2.87,0.03,0.39,0.07,-0.25
10.16,-3.25,1.10,0.25,0.23,0.01
9.84,-1.60,0.68,-0.41,0.04,0.04
9.94,-3.00,-0.10,-2.25,-0.64,0.36
10.28,-5.14,0.77,0.48,0.32,-0.31
=== EEPROM DUMP START ===
Samples stored: 137
ax,ay,az,gx,gy,gz
10.8194,-1.4748,0.6823,0.4056,0.1164,0.0181
9.9862,-0.7494,-0.4956,0.8668,-0.0837,0.0669
9.8761,0.1652,1.0151,0.3893,0.3104,-0.0109
11.5927,-0.1460,2.8084,0.3709,0.0613,0.6025
8.9471,-3.7182,2.7605,0.6094,-0.0853,0.7426
8.0804,-5.0063,2.3990,0.6246,-0.1391,0.9494
5.7988,-7.6638,0.7925,0.4237,-0.2984,0.6925
9.7947,-1.7358,0.2251,0.1202,-0.4874,-0.2411
9.7707,-5.7892,-6.0501,-5.1211,-0.0570,-0.6483
10.8840,-5.1068,-4.9201,-4.3359,0.6829,0.2036
12.3134,-1.0702,-7.2042,-0.4818,0.7805,-0.4128
12.2894,-0.5866,-2.9712,0.7554,1.0016,-0.2172
6.5505,-3.9385,-0.0646,1.7579,0.7205,-0.8402
8.8609,-1.5754,4.6926,1.1445,0.9244,-0.4799
7.0916,0.3807,4.9967,0.4501,0.2827,-0.7160
7.0940,1.0630,3.3519,0.6083,0.0277,-0.4503
7.0030,0.3759,2.9377,0.6496,0.2992,-0.2942
15.1864,2.4995,3.3830,0.5574,0.1687,0.0354
9.8258,2.6049,1.7166,0.4615,0.1386,-0.6944
8.7460,0.6560,1.7813,0.5388,0.1577,0.2723
9.2033,0.0551,1.7789,0.7834,-0.0192,0.2342
9.7300,2.5881,2.2841,0.6598,0.0272,-0.1276
9.9766,2.0016,2.5379,0.3776,-0.2489,0.5295
10.1730,1.8579,2.0016,0.4866,-0.0370,-0.0874
10.3070,2.3008,2.5426,0.2049,0.0578,0.1021
9.3877,1.5299,2.8443,0.0008,0.0354,0.1652
10.7524,0.2873,1.9656,0.0538,-0.1346,0.2590
10.6087,-0.2873,2.4325,0.1458,0.1314,0.2992
9.9647,0.5100,2.5379,-0.1620,0.3035,-0.2145
8.7580,3.4477,3.4357,-0.6150,0.7139,-1.0816
7.5322,5.7054,4.5083,-1.2772,0.8375,-1.2814
7.0773,6.0932,5.2409,-1.2753,-0.1839,-0.6230
7.9847,3.6272,5.4923,-0.1311,-1.1722,-0.8684
7.0557,5.1787,0.7638,1.3694,-1.9049,-0.9942
9.0166,12.5959,2.6001,0.3304,0.8170,0.4919
-3.4979,0.7518,1.3024,-0.6888,-0.1777,0.3525
9.5193,1.5036,-6.0262,1.9300,-1.4962,0.5902
8.3965,1.3408,-2.3870,-0.0211,0.1037,1.4629
8.5138,3.0598,3.5027,-2.1400,0.9691,-1.1423
11.2887,8.9950,8.7700,-3.0723,0.8167,-1.2004
8.6383,-1.6927,5.0542,-6.2038,0.1466,-0.0370
28.0241,4.9560,7.0078,-7.5321,-2.1296,1.1277
1.4102,-21.3275,0.8356,-3.6487,-3.3609,2.0550
6.1818,3.0718,-6.0358,-0.4660,-2.0502,-3.4558
14.2383,11.7747,-7.6543,-0.4826,-0.4791,-3.0049
13.2854,-0.8691,-6.4643,0.8769,-0.7554,0.5494
8.0972,5.1356,-3.4261,-0.1106,0.5100,-1.6132
8.4084,3.6464,-2.5235,-0.6403,0.5532,0.1466
10.8386,7.7093,-0.4429,0.4519,-0.0522,0.5982
13.5296,7.4412,-1.7717,-0.1655,-0.3970,0.7709
9.1937,1.9178,-3.0478,-0.3605,-0.0325,1.1943
11.9064,-0.9505,-3.9002,0.4010,0.3957,-0.6755
6.3518,5.1092,0.2490,1.2497,1.4573,-2.0291
2.0614,4.2329,0.6608,1.9601,1.3646,-0.8860
5.2457,0.1053,4.1300,0.0370,-0.0546,1.8914
12.2320,-5.5234,-1.8459,-0.5404,1.0632,1.5831
18.3803,-5.8442,-5.6599,-0.2638,-0.1330,0.5438
14.9566,-6.2345,-3.1867,-1.6686,0.2137,0.0091
12.1937,-3.8164,-4.1611,-1.2207,0.3032,0.1047
8.4276,-3.3160,-1.6999,-0.0378,-0.0637,0.7738
6.1723,-0.7374,2.3798,-1.8732,0.5359,0.5401
5.9759,-3.8714,2.7845,-1.8271,0.6707,0.5025
8.4922,-3.2825,-0.9816,-2.1051,0.2718,0.6070
7.8434,-3.8475,-3.9002,-1.0275,-0.3453,0.1503
6.9671,1.8555,-1.2354,-0.3485,-0.0274,0.0368
12.9957,0.2897,-3.0598,-0.2633,-0.1972,0.7413
10.6183,-2.0303,-0.7781,0.7072,-0.5345,1.4568
3.7852,-3.1220,2.8946,-0.7837,0.4359,1.0014
8.9447,-7.3239,0.0239,0.1903,-0.9654,1.3728
-5.2912,2.7078,1.7693,0.3019,-1.2625,0.4903
7.2664,-9.7468,-2.1548,-0.5550,0.1255,1.7421
5.1092,-10.6518,-6.6822,-0.7005,1.2039,0.3171
7.3334,-10.4746,-7.6806,-0.2875,0.1879,-0.0104
5.5162,-6.8594,-5.6192,-0.0165,0.1191,0.3573
1.0175,-6.1555,-1.0942,0.1801,0.7783,0.0378
5.1236,-6.0645,-0.6512,-0.0091,0.2419,0.2910
6.1292,-7.9918,-1.3072,-0.3746,0.6081,0.0181
7.3047,-9.5385,-3.3782,-0.8338,0.7642,-0.1769
11.3437,-7.7859,-6.1483,-0.8172,0.8735,-0.5132
7.1443,-4.2162,-4.3694,-0.6837,0.9531,-0.0075
6.8809,-0.0934,-3.9935,0.0269,0.4644,0.3541
3.4860,-2.8515,-1.1229,0.2300,0.1178,0.9110
6.2345,-6.7828,-2.0135,0.4114,-0.2270,1.2414
2.5642,-8.4779,-2.3703,1.1397,-0.0274,0.8913
5.9185,-7.8195,-0.0838,1.2710,0.4143,0.3768
3.1101,-10.3932,-0.3950,0.3062,0.3323,0.0773
4.3670,-8.9447,-0.3089,0.1359,0.9470,-0.2449
4.4963,-8.5545,-0.2753,-0.1753,0.6113,-0.2569
5.6623,-9.2536,-0.9361,-0.9643,0.4868,-0.1303
4.6926,-6.6272,-1.1540,-0.8151,0.4437,-0.0552
6.8019,-8.8107,-3.1340,0.0075,0.1708,0.3317
6.5817,-10.6877,-3.2753,0.1375,0.1897,0.3203
6.2441,-9.2320,-1.7741,-0.1852,0.4874,0.2598
4.0534,-7.5226,-0.9960,0.0333,0.1332,-0.1604
4.5250,-6.6152,-0.5243,0.1029,0.1924,-0.2262
5.2409,-6.1268,0.8811,-0.0823,0.2145,-0.1689
4.4724,-7.7572,0.1628,-0.0546,0.1047,0.1711
4.3646,-8.5880,-0.8643,-0.0687,-0.0687,-0.0687
6.5936,-8.4420,-2.0877,-0.0826,0.0266,0.1777
5.8131,-8.5114,-1.7190,-0.2475,0.4005,0.1426
5.6934,-7.2305,-2.0853,-0.1082,0.2542,0.0381
5.8299,-7.7644,-1.9465,0.0051,0.2521,0.0496
6.1339,-7.6160,-1.9106,0.1644,0.2417,-0.0248
5.8347,-7.5154,-1.6065,0.1543,0.1756,-0.0458
5.9687,-7.8793,-1.4198,0.1234,0.1045,0.0035
5.8299,-7.5705,-1.4269,0.2150,0.0400,0.0242
5.9903,-7.7764,-1.2665,0.1090,0.0592,0.1143
6.0693,-7.8985,-1.4676,0.0394,0.1063,0.1679
5.6838,-7.5729,-1.4844,-0.1804,0.3099,0.1034
5.5138,-8.0110,-1.4006,-0.1860,0.4106,0.1958
5.8323,-8.3773,-1.2809,-0.0666,0.4159,0.1673
6.8714,-8.1594,-2.1644,0.0970,0.5998,-0.5012
6.9695,-6.7397,-1.8890,0.2902,0.7245,-0.7144
5.1092,-7.3550,-1.2091,0.4642,0.2670,-0.4005
8.2528,-6.6008,1.2713,0.4719,0.7234,-0.5188
7.6351,-5.0374,3.5937,0.0256,0.7229,-0.2443
7.3263,-7.8362,3.5937,-0.4684,0.6723,0.2078
6.1866,-5.5498,1.3934,-0.3448,0.3312,-0.7384
6.0118,-5.9616,0.0694,-0.4407,0.0959,-0.6049
8.6550,-7.2472,-0.2610,-0.4088,0.2755,-0.6736
10.2639,-6.0310,1.0271,-0.8180,0.4053,-0.9230
8.3175,-5.3989,1.9752,-2.1972,0.6419,-0.4479
14.4634,-0.7111,1.3384,-1.4533,0.4085,-0.2100
9.6917,-2.6193,0.5459,-0.7200,0.3816,0.0576
10.1107,-0.6081,1.2163,-0.1252,-0.0469,-0.0893
10.1778,-0.9673,-0.2586,0.2825,-0.1543,0.1604
1.6472,0.0718,-0.5842,-0.7879,-0.5846,0.2337
10.0317,-6.7804,-1.6448,-2.1120,-0.1087,0.0464
10.0221,-6.0334,-0.6129,1.1791,0.6622,-0.0242
9.3182,-1.5083,0.9505,2.0981,0.5569,-0.1820
9.1195,-4.5538,0.4525,0.4183,-0.0464,-0.0258
8.5138,-3.6152,-0.5746,0.3698,-0.1604,-0.3054
9.3254,-2.8659,0.0287,0.3928,0.0749,-0.2502
10.1586,-3.2489,1.1013,0.2542,0.2289,0.0096
9.8402,-1.5993,0.6823,-0.4085,0.0421,0.0394
9.9407,-2.9999,-0.0982,-2.2540,-0.6363,0.3645
10.2831,-5.1427,0.7661,0.4756,0.3235,-0.3075
=== EEPROM DUMP END ===
9.22,-2.90,-1.15,-0.40,0.16,-0.08
8.92,-2.98,-0.26,-1.40,0.16,0.27
9.66,-4.09,1.15,-0.66,0.45,0.32
7.90,-2.12,1.23,0.00,0.27,0.18
10.13,-2.14,0.62,-0.50,0.42,-0.22
8.43,-1.91,1.39,0.07,0.57,-1.52
4.58,0.95,0.91,0.25,0.94,-0.90
0.12,27.51,13.16,2.46,-1.77,2.45
9.00,-8.08,3.08,3.21,-1.67,1.15
2.54,-11.62,-8.84,1.07,1.28,4.17
1.70,-6.53,5.27,1.49,0.62,2.29
2.29,-10.78,10.50,1.22,-0.31,3.35
-0.60,-8.43,7.25,-2.87,0.50,1.43
-5.04,-10.59,-4.36,-3.00,0.67,-0.81
4.13,-10.62,-11.82,-0.13,-2.45,1.24
2.30,-8.40,-3.54,-0.69,-1.00,-2.01
-3.26,1.68,-5.74,0.14,-3.38,-6.55
11.65,-25.85,51.79,4.89,-2.82,-2.91
1.76,-10.48,-4.46,1.96,-0.91,1.75
2.92,-9.80,6.31,0.10,1.00,-1.33
4.88,2.21,-2.19,0.18,4.07,0.17
2.89,-7.38,0.25,-2.30,0.21,1.60
5.39,-12.66,1.94,1.85,0.81,0.54
3.33,-16.22,-1.72,-2.08,-0.25,0.03
2.63,-10.20,0.18,0.06,0.92,0.83
0.89,-10.02,2.33,-1.29,1.35,-0.41
1.02,-10.53,0.19,-0.06,0.06,0.17
1.42,-10.10,-2.26,0.31,-0.50,-1.35
3.06,-9.32,-2.18,0.57,-0.71,-1.53
5.99,-9.69,1.56,0.03,-0.91,0.15
4.14,-9.74,-1.35,0.20,0.49,-0.26
4.61,-9.33,-0.50,0.18,0.12,-0.03
>>> EEPROM FULL - recording stopped <<<
4.15,-9.40,0.16,0.07,-0.01,0.03
4.65,-8.83,-0.51,0.14,-0.01,0.01
4.74,-8.73,-0.16,0.13,-0.01,0.02
4.54,-8.89,-0.43,0.30,-0.08,-0.12
4.43,-9.06,-0.07,0.23,-0.03,-0.04
4.33,-8.78,0.23,0.43,-0.37,-0.12
5.65,-8.31,0.70,0.09,-0.05,0.29
4.06,-7.16,2.45,0.18,0.13,0.14
4.94,-8.77,0.27,0.27,0.03,-0.07
4.99,-8.77,0.37,0.08,-0.01,0.09
4.88,-8.65,0.22,0.12,-0.03,0.07
4.85,-8.65,-0.12,0.14,-0.01,0.01
4.74,-8.82,-0.30,0.15,-0.04,-0.04
3.86,-9.06,-0.00,0.19,-0.09,0.05
4.72,-8.76,-0.15,0.14,-0.02,0.02
4.96,-8.65,-0.09,0.16,-0.04,-0.02
4.72,-8.71,0.04,0.15,0.01,-0.02
5.34,-8.66,-0.14,0.14,0.13,-0.03
4.56,-8.75,0.17,-0.05,0.37,-0.00
5.31,-8.89,-0.46,0.23,0.01,-0.12
4.86,-8.76,-0.42,0.20,0.04,-0.01
5.06,-8.52,0.23,0.18,0.02,0.04
4.96,-8.58,0.17,0.14,0.01,0.10
4.72,-8.71,0.05,0.13,-0.04,0.04
4.99,-8.65,-0.25,0.13,-0.00,0.05
4.72,-8.84,-0.17,0.15,0.02,-0.06
4.87,-8.65,0.01,0.15,0.00,0.03
4.78,-8.67,0.07,0.14,0.01,-0.01
4.92,-8.62,0.05,0.13,0.02,-0.05
4.86,-8.77,-0.16,0.13,-0.00,-0.01
5.01,-8.65,-0.14,0.13,-0.01,0.12
4.80,-8.71,-0.17,0.18,-0.04,-0.10
4.70,-8.75,-0.06,0.18,-0.06,0.20
4.98,-8.35,0.04,0.13,-0.00,-0.06
4.93,-8.82,-0.24,0.12,0.01,0.01
4.62,-8.87,-0.62,0.05,-0.03,0.04
4.92,-8.73,0.19,0.16,-0.03,0.02
4.73,-8.71,0.03,0.13,0.01,0.01
4.70,-8.68,0.12,0.13,0.01,0.02
4.73,-8.94,-0.28,0.06,0.04,0.09
4.64,-8.80,-0.32,0.15,-0.00,-0.00
4.56,-8.74,-0.46,0.18,-0.03,-0.02
4.65,-8.78,-0.25,0.24,-0.08,-0.08
5.33,-8.24,-0.22,0.03,0.08,0.06
4.66,-8.85,-0.06,0.01,0.21,-0.10
5.05,-8.28,0.34,0.15,0.02,0.05
4.72,-8.96,-0.96,0.10,-0.02,-0.05
5.24,-8.83,-0.79,0.18,-0.01,-0.17
4.40,-8.92,-0.13,0.20,-0.01,-0.11
5.28,-8.41,-0.14,0.06,0.03,0.08
4.39,-8.89,-0.17,0.14,0.03,0.01
5.42,-8.51,-0.28,0.11,0.03,0.19
4.17,-9.00,-0.37,0.17,-0.05,0.02
5.10,-8.61,-0.23,0.16,-0.00,0.00
4.78,-8.67,0.02,0.16,0.00,0.04
4.81,-8.70,-0.15,0.15,0.01,-0.07
5.44,-8.39,-0.03,0.18,-0.01,-0.07
4.81,-8.60,0.06,0.18,-0.04,0.01
5.04,-8.54,-0.06,0.13,-0.01,0.01
5.02,-8.62,-0.17,0.15,0.00,0.01
4.87,-8.68,-0.12,0.14,-0.01,0.02
5.22,-8.55,-0.17,0.15,-0.01,-0.01
5.00,-8.60,-0.11,0.15,-0.00,0.02
5.01,-8.60,-0.08,0.15,0.00,-0.02
5.19,-8.51,-0.16,0.14,0.00,0.01
5.01,-8.59,-0.09,0.15,-0.01,0.01
5.02,-8.54,-0.14,0.14,0.00,-0.00
5.03,-8.61,-0.03,0.14,0.00,0.01
5.13,-8.58,-0.15,0.15,0.00,0.10
4.81,-8.66,-0.02,0.14,0.00,-0.00
4.84,-8.71,-0.16,0.14,-0.01,-0.09
5.27,-8.47,-0.10,0.14,-0.00,0.04
5.00,-8.60,-0.07,0.16,-0.03,0.02
4.93,-8.65,-0.14,0.14,0.00,0.01
5.01,-8.61,-0.08,0.14,-0.00,0.02
5.04,-8.61,-0.13,0.14,0.00,0.00
4.98,-8.62,-0.08,0.14,0.00,0.01
4.91,-8.65,-0.10,0.14,0.01,0.04
5.04,-8.60,-0.00,0.06,0.16,-0.11
4.67,-8.52,-0.39,0.13,0.01,-0.10
5.52,-8.28,0.16,0.20,-0.01,-0.16
5.37,-8.39,-0.21,0.14,-0.02,-0.14
5.45,-8.36,0.03,0.15,0.01,0.02
5.16,-8.55,-0.25,0.14,-0.02,0.08
3.99,-8.97,0.00,0.09,0.17,0.31
6.48,-7.93,-0.35,0.12,-0.07,0.27
1.99,-9.51,0.67,0.08,0.25,0.28
4.91,-8.73,0.14,0.07,-0.08,0.00
4.91,-8.76,-0.79,0.10,-0.00,-0.00
4.68,-8.87,-0.32,0.14,0.01,-0.00
4.93,-8.74,-0.28,0.18,0.00,0.01
4.83,-8.71,-0.07,0.13,-0.01,0.02
4.83,-8.37,0.52,0.32,-0.42,-0.09
4.70,-8.76,-0.23,0.18,-0.17,-0.09
4.67,-8.90,-0.79,0.38,-0.40,-0.32
MPU6050 Found!
MAX_SAMPLES: 170
Resuming from sample #170
Send 'd' to dump, 'c' to clear.
1.64,-1.12,-0.06,0.25,0.12,-0.01
8.90,-4.74,0.40,0.20,0.16,0.06
8.40,-5.84,-0.29,0.37,-0.34,0.97
8.85,-2.94,1.25,0.38,0.07,0.11
7.13,-6.20,-1.85,0.13,0.07,-0.28
8.67,-5.28,0.57,0.42,0.16,-0.69
9.02,-5.15,0.26,0.08,-0.07,-1.27
9.56,-4.18,0.39,0.41,0.00,-0.80
8.94,-0.44,0.39,0.67,-0.15,-0.42
10.30,-3.21,0.20,0.17,0.19,-0.58
9.61,-1.36,0.92,0.12,0.05,-0.03
8.36,-1.11,1.02,0.26,-0.23,0.08
9.05,-2.67,0.36,0.07,-0.41,0.19
9.96,-3.23,-0.20,0.16,-0.34,0.68
9.39,-3.31,-0.04,0.18,-0.41,0.90
9.54,-4.32,-0.93,0.22,-0.37,0.45
8.48,-5.02,-0.89,0.37,0.28,-0.26
10.55,-3.65,-0.27,0.68,0.93,-0.99
9.14,-2.90,0.76,0.16,0.37,-0.38
9.79,-2.94,1.05,-0.00,0.11,-0.31
9.11,-3.03,0.78,0.15,0.18,-0.27
9.51,-2.27,1.13,0.24,0.11,-0.04
9.29,-1.77,1.41,0.12,0.03,0.43
9.51,-3.68,1.32,0.07,-0.12,0.74
9.60,-4.54,0.95,0.21,-0.05,0.36
9.39,-4.54,1.05,0.19,-0.00,0.07
9.26,-4.50,0.98,0.17,-0.04,-0.00
9.18,-3.95,1.12,0.11,-0.02,-0.03
8.95,-4.13,1.13,0.21,-0.08,0.12
9.09,-4.37,0.94,0.26,-0.07,0.21
9.06,-4.62,0.79,0.25,-0.03,0.11
9.62,-4.75,0.88,0.04,0.12,-0.19
9.53,-4.58,1.06,-0.10,0.26,-0.78
9.74,-3.14,1.13,0.02,0.33,-1.04
9.43,-1.17,1.35,0.11,0.31,-1.22
9.14,-0.07,2.28,-0.07,0.56,-1.02
9.62,-1.06,2.18,0.33,0.21,-0.25
10.02,1.00,2.80,0.38,0.12,-0.32
9.83,-0.74,2.76,0.27,0.09,-0.16
10.11,0.01,2.56,0.56,-0.15,0.05
10.07,-0.06,2.45,0.45,-0.05,0.10
10.31,0.25,2.79,0.17,0.07,0.23
10.00,-0.49,2.98,0.07,-0.01,0.01
10.04,0.21,2.72,0.08,-0.01,0.34
9.81,-0.86,2.68,0.01,-0.06,0.59
10.13,-1.48,2.38,0.08,-0.10,0.28
9.71,-1.16,2.25,-0.03,0.09,0.12
9.59,-1.55,2.69,-0.19,0.03,0.34
9.11,-2.15,2.55,-0.24,-0.02,0.39
9.82,-2.38,1.99,0.01,-0.22,0.23
9.71,-2.01,1.86,-0.06,-0.15,0.33
8.86,-2.10,1.93,-0.35,-0.26,0.87
9.87,-3.80,1.23,-0.73,-0.14,0.71
8.62,-4.80,0.57,-0.04,-0.37,1.16
8.14,-6.31,0.14,0.20,-0.18,0.77
8.12,-6.99,0.35,0.18,-0.04,0.45
8.00,-7.22,0.83,0.21,0.11,0.10
7.45,-6.11,0.73,0.29,-0.09,-0.19
7.95,-5.88,0.70,0.24,-0.22,-0.13
8.02,-5.76,0.58,0.28,-0.11,-0.08
8.11,-6.64,0.36,0.26,-0.18,0.10
7.93,-6.36,0.40,0.14,-0.14,-0.12
7.56,-6.41,0.57,0.08,-0.13,-0.09
8.14,-6.12,0.17,0.12,-0.21,-0.17
8.19,-5.78,-0.35,0.07,-0.20,-0.16
8.27,-5.47,-0.45,0.02,-0.05,-0.27
8.42,-5.37,-0.21,-0.04,0.05,-0.06
8.58,-5.52,-0.35,0.11,0.05,-0.12
8.83,-5.52,-0.43,0.20,0.13,-0.18
8.74,-4.48,-0.10,0.33,0.22,-0.66
8.57,-3.40,0.22,0.47,0.42,-1.12
9.71,-3.26,0.80,0.33,0.49,-0.51
9.60,-3.56,1.29,0.19,0.27,-0.15
9.77,-3.15,1.59,0.20,0.20,-0.22
9.49,-2.24,1.91,0.30,0.26,-0.30
10.01,-2.11,2.19,0.30,0.10,-0.29
9.81,-1.79,2.03,0.19,0.04,-0.15
9.35,-1.41,1.95,-0.38,-0.19,0.62
9.61,-1.99,1.58,-1.08,-0.39,1.32
9.32,-5.12,0.73,-0.81,-0.08,0.70
9.19,-5.06,0.23,-0.14,0.31,0.28
9.01,-4.46,0.84,-0.22,0.29,0.33
8.85,-5.76,1.21,-0.01,0.19,-0.06
8.63,-4.81,0.88,0.22,0.06,-0.07
8.98,-5.48,0.65,0.55,-0.08,-0.27
9.18,-4.18,0.93,0.78,0.30,-1.29
9.86,-2.74,1.75,0.70,0.30,-1.12
9.87,-1.93,2.48,0.66,0.26,-0.85
9.92,-1.14,2.57,0.58,0.15,-0.57
10.21,-0.39,2.77,0.41,0.15,-0.59
9.75,-0.01,2.94,0.17,0.14,-0.45
9.25,0.15,2.63,0.21,0.06,-0.75
9.70,1.71,2.72,0.39,0.11,-0.78
9.70,2.30,3.11,0.40,0.15,-0.62
9.47,3.00,3.29,0.43,0.21,-0.45
9.19,3.31,3.16,0.41,0.09,-0.39
8.99,3.57,3.26,0.31,0.14,-0.32
9.07,3.79,3.35,0.31,0.08,-0.14
8.86,3.65,3.34,0.25,0.02,0.15
9.31,3.68,3.01,0.21,-0.05,0.21
9.52,3.32,3.05,0.06,0.06,0.16
9.27,3.16,3.30,0.14,0.10,0.10
8.81,3.01,3.40,0.05,0.09,0.06
9.11,3.11,3.55,-0.03,-0.14,0.09
9.53,2.92,3.57,0.11,0.03,0.08
9.19,2.92,3.46,0.24,0.03,0.02
9.04,3.20,3.34,0.20,-0.00,0.18
9.11,2.72,3.34,0.10,-0.08,0.23
9.50,2.96,3.55,0.12,-0.21,0.81
9.77,2.10,3.04,0.32,-0.11,1.01
10.33,0.78,3.00,0.10,-0.14,0.75
10.08,-0.13,2.61,0.19,-0.13,0.26
10.27,0.43,2.53,0.25,-0.00,0.03
10.25,0.09,2.87,0.32,0.16,-0.00
10.22,0.04,3.19,0.60,0.27,-0.21
10.08,0.18,3.08,1.30,0.31,-0.39
9.58,2.19,3.17,1.44,0.40,-0.40
9.28,2.60,3.44,1.00,0.33,-0.03
9.05,1.91,3.49,0.99,0.12,0.17
8.90,3.53,3.37,1.37,-0.16,0.24
9.66,2.46,2.64,0.70,-0.01,0.40
10.18,2.31,3.02,0.11,0.15,0.55
9.56,1.21,3.35,0.18,0.19,0.19
9.91,1.31,3.02,0.21,0.07,0.07
9.28,1.06,3.64,0.38,0.21,-0.14
9.37,1.60,3.62,0.23,-0.04,-0.02
9.59,1.78,3.56,0.11,0.07,-0.03
9.43,1.70,3.59,0.09,0.03,0.03
9.71,1.69,3.53,0.16,-0.11,0.16
10.19,3.99,3.46,-0.87,0.11,0.28
8.79,0.60,3.19,-2.44,-0.43,0.64
9.67,-3.08,3.02,-1.82,-0.69,0.18
10.47,-1.47,1.72,-0.71,-0.54,-0.14
10.27,-0.95,1.73,-0.17,-0.22,0.10
10.15,-0.40,1.70,0.07,-0.05,0.02
10.92,-0.52,1.86,-0.05,0.03,0.45
9.26,-1.38,1.41,-0.06,0.09,0.21
9.68,-0.62,1.82,-0.04,0.10,-0.02
9.37,-0.78,1.80,-0.18,-0.00,0.57
9.65,-2.76,1.47,-0.19,-0.10,0.58
9.72,-3.59,1.15,-0.03,-0.13,0.35
9.67,-3.85,1.07,0.11,-0.03,0.02
9.80,-2.71,1.30,0.17,0.07,-0.29
9.78,-2.42,1.46,0.13,0.04,-0.20
9.71,-2.57,1.63,0.08,0.12,-0.02
9.69,-2.15,1.69,0.17,0.03,-0.11
9.50,-2.00,1.52,0.25,-0.07,0.06
9.76,-2.15,1.52,0.46,0.09,0.16
9.77,-2.48,1.66,0.19,0.01,0.05
9.74,-2.71,1.79,0.14,0.00,0.02
9.73,-2.57,1.73,0.16,0.03,-0.00
9.70,-2.54,1.76,0.13,0.02,0.01
9.75,-2.76,1.79,0.13,0.01,-0.02
9.74,-2.55,1.71,0.17,-0.01,-0.02
9.75,-2.50,1.74,0.15,0.03,0.05
9.77,-2.60,1.76,0.14,-0.01,-0.01
9.76,-2.52,1.80,0.20,0.02,0.03
9.70,-2.62,1.73,0.17,-0.04,0.03
9.67,-2.13,1.58,0.08,-0.04,0.09
9.44,-1.33,1.06,-1.32,-0.52,0.37
10.35,-4.95,0.23,-0.68,-0.29,0.19
9.84,-3.89,0.23,0.63,0.30,-0.02
9.41,-2.68,1.10,0.76,0.34,-0.07
9.13,-2.91,1.51,0.19,0.11,0.05
9.76,-3.30,1.35,0.25,-0.06,-0.02
9.81,-2.69,1.45,0.28,-0.01,-0.08
9.59,-3.28,1.69,0.37,0.08,-0.12
9.65,-3.19,1.48,0.53,0.03,-0.11
9.81,-2.74,1.58,0.46,0.06,-0.20
9.76,-2.45,1.98,0.24,0.09,-0.17
9.61,-2.27,2.11,0.23,0.11,-0.19
9.75,-1.34,1.85,0.36,0.02,-0.29
9.89,-1.57,1.82,0.28,0.04,-0.05
9.84,-1.58,2.12,0.11,0.10,-0.05
10.05,-1.11,2.60,-0.03,0.05,-0.08
9.74,-0.21,2.38,-0.39,-0.12,-0.01
10.08,-0.70,1.96,-0.35,-0.30,0.15
10.00,-1.32,1.63,-0.13,-0.11,0.29
9.57,-2.12,1.32,-0.02,-0.10,0.44
9.55,-3.19,1.13,0.05,-0.18,0.41
9.40,-3.97,0.98,0.28,-0.11,0.40
9.50,-4.67,1.19,0.41,0.09,0.40
9.87,-5.14,1.78,0.83,0.28,0.22
9.21,-3.94,2.31,0.91,0.30,-0.04
9.59,-3.67,2.64,0.74,0.31,-0.18
8.92,-3.14,3.01,0.65,0.20,-0.11
EEPROM cleared.
9.25,-3.12,3.20,0.33,-0.08,-0.02
9.33,-3.06,3.14,0.19,-0.13,-0.11
9.51,-3.13,3.01,0.20,-0.12,0.03
9.52,-2.93,3.06,0.11,-0.06,-0.04
9.48,-2.81,3.02,0.17,-0.08,-0.05
9.65,-3.35,2.96,0.16,0.00,-0.13
9.82,-3.21,3.17,0.24,-0.01,-0.45
9.55,-2.46,2.29,0.39,-0.23,-0.32
9.92,-1.96,2.31,0.24,-0.12,-0.38
10.10,-1.03,2.49,0.65,-0.14,-0.32
10.63,-0.63,2.50,0.61,-0.24,-0.30
MPU6050 Found!
MAX_SAMPLES: 170
Resuming from sample #128
Send 'd' to dump, 'c' to clear.
1.49,-0.91,0.23,0.14,-0.04,-0.28
8.29,-4.32,0.49,0.06,-0.14,-0.30
8.77,-3.93,0.02,-0.46,0.06,-0.14
8.84,-3.83,-0.46,-0.26,-0.20,-0.22
9.54,-3.71,-1.08,-0.00,-0.26,-0.09
9.25,-4.70,-1.46,0.17,-0.10,-0.03
9.26,-3.24,-1.07,0.38,-0.11,-0.17
9.56,-3.47,-0.31,-0.26,0.06,0.35
8.94,-3.72,-2.89,-0.75,-0.48,-0.18
9.55,-4.64,-1.72,-0.99,0.12,-0.08
9.14,-4.15,-0.78,0.43,0.48,-0.13
9.08,-2.95,-0.21,0.93,0.45,0.06
9.14,-3.81,-0.48,0.66,0.11,0.09
=== EEPROM DUMP START ===
Samples stored: 141
ax,ay,az,gx,gy,gz
9.2464,-3.1244,3.2034,0.3262,-0.0794,-0.0224
9.3350,-3.0550,3.1436,0.1929,-0.1340,-0.1061
9.5122,-3.1316,3.0119,0.1961,-0.1183,0.0317
9.5170,-2.9281,3.0574,0.1077,-0.0645,-0.0392
9.4834,-2.8108,3.0215,0.1721,-0.0775,-0.0490
9.6534,-3.3471,2.9568,0.1636,0.0032,-0.1348
9.8186,-3.2058,3.1651,0.2419,-0.0067,-0.4477
9.5505,-2.4612,2.2865,0.3858,-0.2289,-0.3232
9.9216,-1.9585,2.3128,0.2398,-0.1212,-0.3837
10.1035,-1.0271,2.4852,0.6470,-0.1354,-0.3211
10.6279,-0.6297,2.5019,0.6062,-0.2361,-0.2963
8.7532,-1.3623,3.2226,0.6147,-0.2840,-0.1172
11.6813,-0.8475,2.1261,0.3203,-0.5111,-0.1407
9.4523,1.2186,1.7693,-0.5063,0.4074,0.1863
10.8960,4.1946,-1.8962,-3.5074,-0.5188,0.5159
13.0532,-4.2114,-0.2227,-3.1584,-0.6941,0.4287
10.9032,-5.2146,-0.3711,-1.3025,0.0176,0.1239
12.7012,-4.1468,-3.2825,-0.3818,-0.0024,-0.9944
12.5025,-2.4253,-4.2928,-0.2164,0.2675,-0.8175
9.3781,-0.1963,-2.6671,-0.1204,0.9603,-0.8825
7.7572,0.9744,-1.2689,-0.8236,0.2902,-0.5825
7.1515,1.0870,0.5555,-0.0823,0.2822,0.0722
7.5729,2.8060,1.3958,0.5670,0.3291,0.2681
11.1067,4.7716,3.8499,0.5423,0.2462,-0.2305
10.0772,1.8962,5.2816,-0.1793,0.1095,0.2145
8.9256,-2.0662,1.6233,-1.4416,-0.4602,0.4226
9.6391,-3.0071,0.5602,-1.1111,-0.3038,0.0746
8.3558,-1.5897,2.3511,-0.4509,0.2172,-0.2222
12.3206,2.0782,2.1787,-1.2167,0.1836,-0.1108
9.0668,0.6871,1.6616,-0.9777,0.3728,-0.2172
9.2368,1.1756,1.7717,-0.7586,0.3424,-0.1532
7.7668,1.8172,1.5155,-0.9590,-0.3954,-0.0253
9.5337,0.9697,2.7677,-1.5204,0.8244,-0.6387
10.1706,2.2984,5.0398,-1.6233,0.9276,-0.8641
-1.5802,2.5546,1.1037,0.0333,-0.4138,-2.5948
16.0124,6.2106,0.5555,0.6600,-0.3107,1.5772
-0.2155,-2.3583,0.3974,-2.1775,2.2993,-0.4458
9.8090,-4.4053,4.3766,-1.3731,-0.2105,-0.1727
17.1401,-0.5171,1.8627,-0.9486,-2.2620,0.6270
19.8479,-3.1675,-8.4874,-0.3861,-0.9918,1.1503
-2.9329,4.3455,-3.5865,0.0277,-0.9691,-0.6707
18.8352,-13.3668,0.1030,-0.7679,0.2907,2.8362
17.0802,-23.5446,3.6847,2.8996,0.7544,1.6486
4.0630,-5.6623,4.2521,4.2594,0.7581,-1.4602
9.3134,-0.2538,4.6471,1.7661,1.7075,0.1037
-5.7868,0.1820,12.4834,2.3089,4.5123,-2.6921
-1.3910,6.2393,8.4994,4.1904,0.8868,-0.7997
3.1292,11.9327,6.0142,3.6463,0.6616,-0.3565
0.2538,13.1513,2.1524,1.4045,-0.1522,0.5215
1.2426,11.0205,3.3543,-0.0711,0.4327,1.0685
-1.6640,17.7602,4.5203,-0.7237,-1.0520,1.9979
5.3032,8.0373,1.4629,-1.1402,-0.2702,3.7177
7.3765,3.3255,6.5338,-1.7187,0.2180,1.7965
7.4627,2.8371,8.2983,-0.5129,-1.2774,1.0512
7.1299,0.7278,3.8116,0.1402,-1.2950,1.8357
8.8155,-0.3017,2.8850,-0.0837,-0.5526,1.7877
5.9161,-0.0646,4.8937,-1.0680,-0.2734,1.2217
5.0637,-3.5817,3.0335,-0.8218,-1.1386,1.8850
5.5905,-10.5560,2.1332,-0.9891,-1.3856,2.5815
7.2616,-13.9103,-5.8706,0.0000,-1.2095,1.4839
6.6583,-12.7826,-5.6910,-0.1676,-0.3701,0.3483
3.4788,-10.7428,-2.0758,0.1887,-0.4935,-0.4517
3.9456,-6.2848,0.1077,-0.1159,-0.2747,-1.4008
4.0965,-3.3375,1.6903,-1.1764,-0.2462,-0.4567
6.2201,-8.0565,-0.2514,0.2038,-0.7504,-0.2292
7.6112,-8.2815,-4.0510,0.1311,-0.9126,0.0517
3.2896,-7.6567,-6.1890,0.1799,-0.0655,0.1087
2.5953,-5.7940,-8.3151,0.5492,-0.1980,0.1103
4.2138,-5.3798,-6.3614,0.5431,0.6710,0.1516
4.8315,-5.9280,-3.7828,0.4509,1.0323,0.1809
5.8802,-6.1387,-3.0622,0.7216,0.7509,0.2673
6.4117,-7.8650,-1.9441,0.7320,0.5156,0.0597
4.9033,-6.0071,0.8284,1.0195,-0.6251,-0.4333
6.2632,-5.2672,2.9377,0.0722,0.0514,-0.1396
6.7612,-9.3925,0.9601,0.7757,-0.7453,1.3043
3.9433,-9.5074,-0.1556,0.2718,-0.8146,1.3115
3.0406,-10.4986,0.2155,0.4756,-0.8769,1.2007
0.1149,-9.6199,1.2905,0.7461,-0.6051,0.7131
0.1820,-9.3805,1.8196,0.5175,-0.8599,0.5998
-0.0407,-9.9096,2.4756,0.4210,-0.8934,0.2835
0.9313,-9.9216,2.4756,0.1191,-1.0168,-0.0008
0.7494,-10.3789,2.1596,-0.0349,-0.8761,-0.5777
1.4916,-10.6494,1.2354,-0.2190,-0.5415,-0.8636
2.9233,-11.8513,-1.8651,-0.0807,-0.5441,-1.1863
4.0486,-9.5481,-2.5762,0.4330,-0.4141,-1.6284
4.1396,-6.9528,-1.8340,0.9705,-0.0909,-2.5759
5.7509,-4.7214,-1.0606,1.2521,0.2225,-3.2154
7.9966,-1.9728,-0.1149,1.1679,-0.1002,-1.7352
10.8673,-1.4174,0.9529,1.1951,-0.0823,-0.6592
9.8497,-2.8228,2.6432,1.0371,-0.2206,-0.2108
9.2033,-3.8690,3.8403,0.2585,0.0027,0.6821
5.0159,-2.7126,2.1763,0.1199,-0.2803,0.4306
4.7453,-0.4094,1.4150,0.2499,-0.1633,0.5063
8.2408,-2.6264,1.5658,0.1010,-0.0661,0.7341
9.3350,-9.1123,1.4844,-0.3712,0.4514,0.9137
7.9248,-13.4482,0.3759,-0.1338,0.4154,1.3528
5.5976,-13.6948,0.1891,0.2284,0.2569,0.9531
4.6328,-11.0708,0.1413,0.1234,0.0261,0.6017
4.5562,-10.0485,1.0463,-0.2809,-0.3659,0.4802
3.4213,-9.9718,0.3448,-0.2350,0.1404,-0.3984
7.4699,-5.8490,0.3184,-0.1127,0.4394,-0.6017
6.8091,-4.4939,1.0223,-0.4247,0.5652,-0.8322
5.3558,-3.9672,2.0686,-0.3794,0.8335,-0.2374
5.2409,-5.5043,2.7533,-0.1831,0.7623,-0.9960
7.4915,-6.4620,2.4157,-0.3528,0.2995,-1.0064
8.2456,-6.9360,2.1835,-0.4847,0.0927,-0.8567
10.8409,-4.3551,-0.8188,-0.8820,0.0695,-0.1023
12.2224,-7.8458,-1.0343,-0.2872,0.3059,0.5324
8.2959,-3.2537,0.2227,-0.3094,0.2883,-0.7285
10.4674,-1.3815,-0.0048,-0.2332,-0.0512,-0.2118
9.9311,-1.9992,0.0455,-0.3688,0.2118,0.2041
9.2416,-3.0430,-0.0527,0.0402,-0.2356,0.2276
9.3254,-3.5410,-0.5962,0.3003,-0.1031,0.1111
8.9567,-4.2138,-0.4214,0.3587,0.0165,0.4271
9.4188,-4.3862,-0.0503,0.5148,0.0176,0.1375
9.1339,-5.4444,0.5746,0.5473,0.2443,-0.0288
9.0884,-6.3135,1.6712,0.4772,0.0405,-0.3621
8.2241,-7.9679,1.9106,-0.0525,0.0650,0.1053
6.7301,-5.5881,1.4724,-0.0514,-0.0397,-0.1471
8.4252,-4.0175,0.7661,-0.0181,-0.0117,-0.3411
9.2440,-3.5099,0.5674,0.0493,-0.0714,-0.2793
9.3685,-4.4532,0.3448,0.1476,-0.0285,0.0362
9.5337,-2.9664,0.0407,-0.1687,-0.1175,0.5875
9.1075,-4.2880,-0.0335,0.0005,-0.1567,0.2385
9.5840,-4.3191,-0.1317,0.2009,-0.0480,0.0951
9.2009,-4.1061,-0.0263,0.2060,-0.0394,0.2078
9.1387,-4.9560,0.0622,0.1897,-0.1077,0.3595
8.8921,-5.7197,-0.0263,0.2281,-0.0765,0.2673
1.4892,-0.9074,0.2346,0.1367,-0.0440,-0.2846
8.2911,-4.3239,0.4884,0.0624,-0.1444,-0.3011
8.7700,-3.9265,0.0192,-0.4642,0.0562,-0.1396
8.8418,-3.8283,-0.4645,-0.2555,-0.2001,-0.2230
9.5361,-3.7062,-1.0774,-0.0013,-0.2611,-0.0882
9.2512,-4.6998,-1.4629,0.1671,-0.0962,-0.0309
9.2560,-3.2370,-1.0702,0.3754,-0.1074,-0.1665
9.5577,-3.4668,-0.3112,-0.2555,0.0648,0.3531
8.9447,-3.7230,-2.8850,-0.7450,-0.4762,-0.1759
9.5505,-4.6352,-1.7166,-0.9870,0.1164,-0.0778
9.1387,-4.1515,-0.7757,0.4338,0.4810,-0.1263
9.0812,-2.9521,-0.2107,0.9292,0.4530,0.0581
9.1435,-3.8068,-0.4836,0.6624,0.1082,0.0885
=== EEPROM DUMP END ===
8.29,-4.92,0.32,-0.19,0.15,0.19
7.81,-2.24,0.64,0.41,0.47,-0.56
8.91,-4.13,0.04,-0.06,0.75,-1.22
9.94,-0.85,0.11,0.63,1.64,-2.24
8.22,-0.45,2.88,1.71,-1.88,1.10
5.91,-18.48,-2.12,3.08,-3.76,3.30
7.20,-9.00,2.44,2.59,1.76,-0.15
3.80,-5.35,-0.45,1.13,1.73,4.09
0.27,-8.98,3.47,0.85,2.91,3.45
-9.44,-9.72,7.47,0.34,1.66,1.21
-4.09,-10.98,1.34,-1.23,0.13,-1.56
-0.44,-11.43,2.55,0.07,-2.04,0.66
1.01,-8.29,5.63,-1.76,0.65,-2.01
-3.45,-16.71,2.16,0.53,1.26,-1.13
3.91,-8.11,-1.83,0.18,-0.12,0.02
3.80,-9.24,-0.11,1.48,0.91,0.80
0.39,-7.22,-5.20,-0.92,0.51,1.28
3.79,-10.03,5.49,-0.17,0.13,-1.02
3.73,-10.98,-0.52,-0.38,0.97,-0.41
3.30,-10.29,1.87,-0.42,0.44,-0.29
4.35,-9.38,-0.37,-0.15,0.13,-0.07
4.42,-9.08,0.23,0.09,0.01,-0.01
4.27,-9.14,0.51,0.08,0.01,-0.04
4.56,-8.88,0.39,0.14,0.03,-0.06
4.57,-8.80,0.36,0.07,0.01,-0.07
