MPU6050 Found!
-0.22,-0.02
2.44,-9.35,2.80,0.04,-0.24,0.12
2.16,-9.89,2.05,-0.28,-0.24,0.18
1.74,0.41,0.11,-0.22,0.08
2.43,-9.56,2.20,0.14,-0.22,-0.02
2.44,-9.35,2.80,0.04,-0.24,0.12
2.16,-9.89,2.05,-0.28,-0.24,0.18
MPU6050 Found!
MAX_SAMPLES: 170
Resuming from sample #65535
Send 'd' to dump, 'c' to clear.
0.08,-1.69,-0.36,0.21,-0.01,0.03
0.36,-9.48,-1.81,0.19,0.02,0.02
0.65,-9.27,-1.80,0.06,0.11,-0.01
0.94,-9.14,-1.98,0.12,0.10,-0.09
0.53,-9.41,-1.91,0.23,0.02,-0.09
0.57,-9.53,-1.79,0.21,0.01,-0.04
0.01,-9.57,-2.72,0.04,-0.09,0.06
0.62,-9.13,-2.59,0.18,0.11,-0.07
0.77,-9.28,-2.26,0.17,0.02,-0.02
0.81,-9.33,-1.97,0.15,0.04,-0.02
0.71,-9.53,-1.60,0.20,-0.09,0.02
0.88,-9.38,-1.82,0.11,-0.08,0.01
0.82,-9.35,-1.96,0.14,0.04,-0.01
0.80,-9.44,-1.72,0.19,-0.07,0.07
0.81,-9.43,-1.88,0.22,-0.01,0.03
0.94,-9.88,-1.10,0.23,-0.59,-0.26
3.61,-9.26,0.83,1.20,-1.65,-0.13
-3.03,-10.25,0.82,1.08,-4.41,1.91
-5.73,-7.52,-4.38,1.59,-1.43,1.79
-0.87,-9.94,3.02,-0.32,0.09,-0.15
-2.78,-9.27,4.33,-0.73,0.53,-0.91
-0.35,-11.28,0.12,-0.62,0.83,-0.78
-1.53,-8.32,-2.85,-0.44,-2.71,1.98
-2.34,-9.61,-0.08,-0.00,4.09,-1.58
4.33,-8.76,-1.63,-0.73,0.04,-0.38
1.16,-8.91,-3.16,-0.69,1.53,-0.13
2.12,-8.94,-1.02,0.04,1.49,0.07
4.11,-7.95,-2.93,-0.23,0.08,-0.23
4.47,-8.14,-2.40,0.13,0.18,-0.37
4.49,-8.24,-2.62,0.34,0.44,-0.04
5.66,-7.86,-1.61,0.17,0.08,-0.34
6.36,-7.41,-1.49,-0.08,0.04,-0.09
3.56,-9.81,-3.71,0.41,-0.70,2.16
4.80,-7.46,-3.08,0.42,-0.88,-0.51
4.69,-9.43,-0.72,0.14,1.31,-0.21
8.15,-7.48,1.79,0.23,0.66,-0.44
6.27,-8.18,0.44,-0.25,0.96,-0.02
5.19,-9.71,0.16,-0.66,0.52,-0.41
5.87,-7.93,0.48,-0.47,0.11,0.80
5.37,-8.49,-1.44,0.00,-0.28,0.18
4.55,-8.66,-1.25,-0.03,-0.32,-0.15
4.61,-8.94,-0.92,0.12,0.20,0.30
3.44,-8.20,-0.11,0.21,0.13,-0.07
4.90,-8.36,-0.24,0.14,0.01,0.16
5.82,-5.94,-1.47,-0.25,0.34,-0.85
9.27,-5.52,-1.15,-4.17,2.12,-1.84
7.28,-7.92,-2.14,-0.40,-0.23,-0.34
11.02,3.24,1.28,0.70,-0.10,-0.60
37.61,-21.57,-4.08,0.43,-1.39,6.54
-1.73,-11.71,-5.44,0.85,-2.31,0.30
4.47,-9.78,-4.38,-0.22,0.43,0.42
1.05,-8.18,4.43,0.36,0.05,-0.16
3.92,-9.34,-3.16,0.14,-0.19,0.11
1.40,-8.79,0.92,0.08,0.23,-0.20
3.76,-9.68,-2.89,0.75,0.04,-0.04
1.45,-8.59,1.29,-0.93,-0.20,-0.18
2.73,-8.73,0.40,0.59,0.34,0.13
3.21,-9.93,-3.13,0.74,-0.09,0.06
3.33,-9.78,-2.83,-0.08,0.05,0.01
2.95,-9.67,-2.25,-0.10,-0.17,0.04
3.57,-9.64,-2.41,0.37,0.14,-0.00
1.78,-8.85,0.47,0.36,0.06,0.01
3.00,-9.61,-1.58,-0.03,-0.07,0.13
2.84,-9.13,-0.40,0.15,0.00,0.02
2.89,-9.29,-0.73,0.14,0.03,-0.05
2.73,-9.32,-0.65,0.15,0.02,-0.06
2.62,-9.39,-0.80,0.14,0.01,-0.03
2.54,-9.39,-0.79,0.13,-0.00,0.01
2.62,-9.36,-0.76,0.13,-0.01,0.04
2.70,-9.31,-0.79,0.13,-0.01,0.05
2.74,-9.33,-0.74,0.13,-0.01,0.03
2.76,-9.31,-0.72,0.14,0.00,0.01
2.75,-9.30,-0.74,0.13,0.00,-0.00
2.73,-9.34,-0.68,0.13,0.01,-0.02
2.68,-9.37,-0.76,0.14,0.01,-0.04
2.59,-9.41,-0.84,0.14,0.00,-0.01
2.59,-9.38,-0.84,0.13,-0.00,0.01
2.59,-9.38,-0.84,0.13,-0.00,0.01
2.65,-9.37,-0.80,0.14,0.00,0.00
2.67,-9.35,-0.73,0.14,0.00,-0.00
2.71,-9.23,-0.73,0.13,0.00,0.00
2.70,-9.35,-0.80,0.13,-0.00,0.02
2.71,-8.96,-0.61,0.11,0.00,0.01
2.70,-9.33,-0.78,0.12,-0.00,0.01
2.72,-9.34,-0.75,0.13,0.00,-0.01
2.74,-9.35,-0.77,0.14,0.00,-0.00
2.76,-9.31,-0.75,0.14,-0.00,0.01
2.69,-9.32,-0.75,0.13,-0.01,0.03
2.64,-9.36,-0.79,0.13,-0.01,0.02
2.66,-9.35,-0.73,0.13,-0.01,0.03
2.66,-9.37,-0.78,0.13,-0.01,0.03
2.69,-9.33,-0.76,0.13,-0.01,0.03
2.70,-9.34,-0.79,0.13,-0.01,0.04
2.72,-9.36,-0.77,0.13,-0.00,0.03
2.71,-9.35,-0.75,0.13,-0.00,0.01
2.69,-9.33,-0.77,0.13,-0.00,0.01
2.70,-9.34,-0.75,0.13,0.00,0.00
2.67,-9.35,-0.74,0.13,0.00,0.00
2.69,-9.37,-0.76,0.14,0.00,-0.01
2.69,-9.32,-0.78,0.13,0.00,-0.00
2.72,-9.34,-0.75,0.14,0.00,-0.00
2.71,-9.33,-0.76,0.14,0.00,0.00
2.74,-9.31,-0.74,0.14,0.00,0.00
2.69,-9.30,-0.71,0.14,-0.01,0.02
2.65,-9.37,-0.82,0.13,-0.01,0.03
2.68,-9.34,-0.80,0.13,-0.01,0.02
2.78,-9.31,-0.79,0.13,-0.01,0.04
2.75,-9.32,-0.74,0.13,-0.00,0.01
2.73,-9.33,-0.76,0.13,-0.00,0.00
2.71,-9.35,-0.78,0.13,0.00,-0.00
2.71,-9.37,-0.81,0.14,0.01,-0.02
2.73,-9.34,-0.78,0.13,0.00,-0.01
2.75,-9.33,-0.75,0.13,0.00,0.01
2.74,-9.34,-0.77,0.13,-0.00,0.01
2.74,-9.27,-0.65,0.15,-0.01,0.01
2.73,-9.42,-0.78,0.14,0.00,0.00
2.61,-9.64,-0.86,0.14,0.01,-0.00
2.66,-9.33,-0.66,0.15,-0.01,0.02
2.69,-9.35,-0.80,0.14,-0.01,0.03
2.71,-9.34,-0.81,0.13,-0.00,0.01
2.76,-9.33,-0.72,0.13,0.00,0.01
2.72,-9.34,-0.70,0.14,-0.00,0.01
2.74,-9.34,-0.73,0.14,-0.00,0.01
2.72,-9.35,-0.78,0.13,-0.00,0.01
2.74,-9.34,-0.78,0.14,0.01,-0.02
2.67,-9.35,-0.78,0.14,0.00,-0.00
2.70,-9.33,-0.71,0.14,-0.00,0.02
2.67,-9.34,-0.72,0.13,-0.00,0.02
2.72,-9.36,-0.73,0.14,-0.00,0.01
2.70,-9.37,-0.81,0.14,-0.00,0.00
2.70,-9.35,-0.79,0.13,-0.00,0.00
2.71,-9.35,-0.78,0.13,-0.00,0.01
2.73,-9.34,-0.79,0.14,-0.00,0.01
2.77,-9.33,-0.73,0.14,-0.00,0.02
2.76,-9.22,-0.68,0.14,-0.00,0.01
2.74,-9.36,-0.76,0.14,-0.00,0.01
2.71,-9.34,-0.83,0.13,-0.01,0.02
2.76,-9.32,-0.78,0.13,-0.00,0.02
2.75,-9.33,-0.77,0.13,0.00,0.00
2.73,-9.34,-0.76,0.14,0.00,-0.01
2.74,-9.32,-0.71,0.14,0.01,-0.01
2.74,-9.32,-0.72,0.14,0.00,0.00
2.74,-9.32,-0.77,0.13,0.00,0.00
2.75,-9.33,-0.76,0.13,-0.00,0.01
2.74,-9.33,-0.71,0.14,-0.00,0.00
2.72,-9.33,-0.72,0.14,-0.00,0.01
2.73,-9.33,-0.77,0.13,-0.01,0.02
2.76,-9.33,-0.76,0.13,-0.00,0.01
2.76,-9.33,-0.73,0.13,0.00,-0.00
2.72,-9.36,-0.75,0.13,-0.00,0.01
2.77,-8.84,-0.57,0.08,0.02,-0.01
2.79,-9.31,-0.91,0.11,0.03,-0.07
2.95,-9.31,-0.67,0.12,0.05,-0.05
3.13,-9.22,-0.77,0.14,0.02,-0.04
3.17,-9.17,-0.71,0.13,0.00,0.01
3.14,-9.28,-0.73,0.13,0.01,-0.02
3.23,-9.19,-0.66,0.14,0.02,-0.04
3.31,-9.15,-0.65,0.13,0.01,0.01
3.28,-9.18,-0.68,0.14,0.01,-0.01
3.34,-9.18,-0.67,0.14,0.00,0.01
3.34,-9.11,-0.66,0.13,0.00,0.01
3.36,-9.18,-0.67,0.14,0.02,-0.03
3.46,-9.13,-0.64,0.15,0.03,-0.07
3.54,-9.09,-0.59,0.12,0.04,0.01
3.64,-9.07,-0.66,0.14,0.01,-0.02
3.66,-9.06,-0.64,0.12,0.07,-0.03
3.84,-9.00,-0.52,0.15,0.03,-0.07
3.95,-8.97,-0.49,0.15,0.06,-0.06
4.10,-8.92,-0.48,0.14,0.06,-0.04
4.23,-8.88,-0.40,0.13,0.05,-0.02
4.25,-8.87,-0.38,0.13,-0.00,0.02
4.22,-8.84,-0.45,0.14,0.01,-0.01
4.24,-8.88,-0.36,0.14,0.00,0.00
4.25,-8.88,-0.32,0.14,0.00,0.01
4.24,-8.89,-0.31,0.14,0.00,-0.00
4.25,-8.89,-0.32,0.13,0.01,0.01
4.31,-8.83,-0.32,0.14,0.04,-0.03
4.37,-8.83,-0.28,0.13,-0.01,0.03
4.36,-8.86,-0.36,0.14,0.00,-0.00
4.34,-8.84,-0.25,0.13,0.00,0.01
4.33,-8.83,-0.30,0.13,-0.00,0.01
4.36,-8.82,-0.31,0.13,-0.00,0.01
4.37,-8.83,-0.30,0.14,-0.00,0.01
4.38,-8.85,-0.32,0.14,0.00,0.00
4.37,-8.81,-0.31,0.13,0.00,0.01
4.34,-8.83,-0.30,0.13,-0.00,0.01
4.39,-8.83,-0.28,0.13,0.00,0.01
4.37,-8.83,-0.29,0.14,0.00,0.00
4.37,-8.80,-0.29,0.13,0.01,-0.00
4.36,-8.84,-0.31,0.14,0.00,0.01
4.22,-8.90,-0.09,0.12,0.01,-0.02
4.36,-8.85,-0.28,0.16,0.04,-0.04
4.52,-8.79,-0.20,0.13,-0.01,0.03
4.43,-8.80,-0.23,0.14,0.00,0.00
4.47,-8.80,-0.22,0.13,0.00,0.00
4.42,-8.75,-0.14,0.14,-0.00,0.01
4.46,-8.80,-0.23,0.13,-0.01,0.02
4.48,-8.78,-0.23,0.13,-0.00,0.01
4.47,-8.76,-0.24,0.13,-0.00,0.01
4.51,-8.78,-0.26,0.14,0.01,-0.01
4.48,-8.80,-0.23,0.14,0.01,-0.00
4.45,-8.77,-0.19,0.13,-0.00,0.01
4.47,-8.79,-0.22,0.13,-0.00,0.00
4.47,-8.78,-0.28,0.12,-0.00,-0.01
4.41,-8.82,-0.09,0.10,0.00,0.04
4.52,-8.78,-0.24,0.12,-0.00,0.03
4.58,-8.72,-0.15,0.13,0.00,0.01
4.48,-8.79,-0.33,0.09,0.01,-0.06
4.64,-8.68,-0.15,0.11,0.02,0.01
4.59,-8.74,-0.21,0.13,-0.01,0.03
4.56,-8.75,-0.19,0.14,0.00,-0.00
4.58,-8.72,-0.14,0.13,-0.01,0.01
4.56,-8.68,-0.17,0.14,-0.00,0.01
4.57,-8.74,-0.14,0.14,0.00,0.00
4.57,-8.74,-0.20,0.14,0.00,0.00
4.58,-8.75,-0.16,0.13,-0.01,0.01
4.57,-8.74,-0.12,0.14,0.01,-0.02
4.59,-8.74,-0.12,0.13,-0.00,0.01
4.55,-8.75,-0.11,0.14,0.01,-0.01
4.60,-8.80,-0.14,0.14,-0.01,0.02
4.60,-8.73,-0.15,0.13,-0.01,0.02
4.58,-8.72,-0.14,0.13,-0.00,0.01
4.61,-8.70,-0.15,0.13,0.00,-0.00
4.63,-8.70,-0.16,0.13,0.00,-0.00
4.59,-8.77,-0.18,0.13,-0.00,0.01
4.62,-8.71,-0.11,0.16,0.02,-0.03
4.54,-8.76,-0.13,0.13,0.00,0.02
4.68,-8.67,-0.10,0.14,0.01,-0.02
4.70,-8.71,-0.09,0.13,0.00,0.00
4.68,-8.69,-0.08,0.14,-0.00,0.01
4.70,-8.69,-0.10,0.13,-0.00,0.01
4.68,-8.69,-0.08,0.14,0.00,0.01
4.64,-8.69,-0.05,0.14,0.00,0.01
4.73,-8.68,-0.06,0.14,0.00,-0.00
4.68,-8.72,-0.07,0.14,-0.00,0.01
4.70,-8.70,-0.08,0.14,-0.00,0.00
4.70,-8.68,-0.08,0.11,-0.02,0.04
4.71,-8.69,-0.07,0.14,-0.00,0.01
4.74,-8.68,-0.08,0.13,-0.00,0.01
4.77,-8.85,-0.21,0.15,-0.00,0.01
4.75,-8.69,-0.11,0.14,0.00,-0.00
5.09,-9.69,0.11,0.20,-0.02,0.00
4.80,-9.21,-0.13,0.14,0.03,-0.02
4.69,-8.49,-0.10,0.11,-0.01,0.03
4.82,-8.69,-0.10,0.13,-0.01,0.04
4.82,-8.62,0.00,0.13,-0.01,0.02
4.78,-8.67,-0.00,0.14,-0.00,0.00
4.79,-8.65,-0.11,0.14,0.00,0.01
4.82,-8.59,0.08,0.14,-0.00,0.01
4.64,-8.69,-0.01,0.13,-0.00,0.02
4.85,-8.54,-0.32,0.13,-0.01,0.00
4.71,-8.56,0.04,0.13,-0.01,0.03
4.65,-8.74,-0.00,0.13,0.00,-0.00
4.70,-8.73,-0.08,0.11,-0.00,0.00
4.79,-8.70,-0.06,0.15,0.01,-0.00
4.77,-8.65,0.09,0.15,0.00,-0.00
4.76,-8.70,-0.07,0.14,-0.00,0.01
4.75,-8.67,-0.05,0.14,-0.01,0.02
4.84,-8.60,0.01,0.14,0.00,0.00
4.71,-8.68,-0.08,0.14,-0.00,0.02
4.78,-8.56,0.07,0.14,-0.00,-0.00
4.72,-8.66,-0.04,0.14,0.00,0.00
4.77,-8.71,-0.00,0.13,-0.00,0.01
4.75,-8.91,-0.04,0.12,0.00,0.01
4.80,-8.64,0.08,0.13,-0.00,0.01
4.83,-8.62,-0.05,0.13,0.00,0.00
4.86,-8.61,-0.12,0.11,-0.01,0.03
4.70,-8.70,-0.14,0.13,-0.00,0.01
4.78,-8.71,-0.06,0.13,0.00,0.02
4.74,-8.64,0.04,0.13,-0.00,0.01
4.75,-8.63,-0.04,0.14,0.00,-0.01
5.14,-9.33,0.55,0.14,-0.00,-0.02
4.41,-9.00,0.58,0.12,0.04,-0.06
4.74,-8.71,0.04,0.18,0.01,0.00
4.65,-8.67,-0.05,0.16,-0.00,0.02
4.72,-8.63,-0.03,0.13,-0.01,0.04
4.63,-8.69,-0.01,0.14,0.01,-0.01
4.70,-8.67,-0.02,0.14,-0.00,0.01
4.78,-8.67,-0.09,0.14,-0.00,0.01
4.74,-8.66,-0.09,0.14,-0.01,0.03
4.72,-8.67,-0.05,0.14,-0.00,0.02
4.74,-8.68,-0.04,0.14,-0.00,0.01
4.72,-8.67,0.02,0.13,-0.00,0.01
4.67,-8.71,0.05,0.13,0.00,0.01
4.80,-8.64,0.05,0.13,0.00,0.02
4.74,-8.70,0.01,0.14,-0.00,0.01
4.77,-8.67,-0.03,0.14,-0.00,0.00
4.80,-8.66,-0.02,0.14,0.00,0.01
4.72,-8.70,-0.01,0.13,-0.00,0.01
4.82,-8.66,0.01,0.13,-0.00,0.01
4.77,-8.67,0.00,0.13,-0.00,0.01
4.78,-8.67,-0.05,0.14,-0.00,0.01
4.78,-8.65,-0.02,0.14,-0.00,0.01
4.79,-8.67,-0.04,0.14,-0.00,0.01
4.75,-8.67,-0.02,0.13,-0.00,0.01
4.76,-8.65,0.00,0.13,-0.00,0.01
4.77,-8.67,-0.04,0.13,-0.00,0.01
4.77,-8.67,-0.01,0.13,-0.00,0.01
4.77,-8.67,-0.02,0.13,-0.00,0.01
4.75,-8.67,-0.04,0.13,-0.00,0.01
4.69,-8.70,-0.00,0.14,-0.00,0.01
4.72,-8.67,-0.01,0.13,-0.00,0.01
4.75,-8.69,-0.03,0.13,-0.00,0.00
4.73,-8.65,-0.03,0.13,0.00,0.00
4.74,-8.65,0.02,0.13,0.00,0.01
4.71,-8.69,-0.00,0.14,0.00,0.00
4.73,-8.68,0.00,0.14,0.00,0.01
4.79,-8.64,-0.01,0.13,-0.00,0.01
4.76,-8.68,0.01,0.14,0.00,0.01
4.76,-8.67,0.00,0.13,-0.00,0.01
4.76,-8.69,-0.01,0.13,-0.00,0.01
4.76,-8.65,0.01,0.14,-0.00,0.01
4.77,-8.66,-0.03,0.13,-0.00,0.01
4.77,-8.67,0.00,0.13,-0.00,0.00
4.77,-8.68,-0.02,0.13,-0.00,0.01
4.76,-8.70,-0.01,0.13,-0.00,0.01
4.76,-8.68,-0.01,0.13,-0.00,0.01
4.80,-8.66,-0.03,0.13,-0.00,0.01
4.78,-8.66,-0.01,0.14,-0.00,0.01
4.77,-8.66,0.00,0.14,0.00,0.00
4.77,-8.70,0.05,0.14,0.00,0.00
4.90,-8.59,0.06,0.14,0.01,-0.01
4.69,-8.70,-0.10,0.14,-0.00,0.01
4.85,-8.65,-0.03,0.13,-0.00,0.01
4.79,-8.67,-0.04,0.13,-0.00,0.01
4.78,-8.65,-0.02,0.14,-0.00,0.01
4.78,-8.63,-0.03,0.14,-0.00,0.01
4.74,-8.63,-0.05,0.14,-0.00,0.01
4.74,-8.70,0.03,0.13,-0.00,0.02
4.78,-8.67,0.03,0.14,-0.00,0.01
4.72,-8.60,-0.03,0.14,0.00,-0.00
4.77,-8.71,-0.06,0.14,-0.00,0.01
4.77,-8.66,-0.03,0.13,0.00,0.00
4.79,-8.57,0.07,0.13,-0.01,0.01
4.74,-8.63,0.02,0.14,-0.00,0.01
4.84,-8.61,0.07,0.14,0.00,-0.00
4.74,-8.71,-0.09,0.15,0.01,-0.01
4.71,-8.70,-0.12,0.13,0.00,0.01
4.72,-8.71,-0.06,0.13,-0.00,-0.00
4.77,-8.66,0.03,0.13,0.00,0.00
4.74,-8.67,-0.02,0.13,0.00,0.01
4.78,-8.67,-0.03,0.13,0.00,0.01
4.79,-8.67,-0.02,0.13,0.00,0.00
4.79,-8.65,0.00,0.13,-0.00,0.00
4.80,-8.65,-0.02,0.14,0.00,0.00
4.78,-8.66,-0.04,0.13,0.00,-0.00
4.75,-8.68,-0.01,0.13,-0.00,0.00
4.74,-8.66,0.00,0.13,-0.00,0.01
4.79,-8.68,-0.01,0.14,-0.00,0.01
4.74,-8.69,-0.05,0.13,0.00,0.00
4.74,-8.66,0.05,0.13,-0.00,0.00
4.80,-8.63,0.00,0.14,-0.00,0.00
4.75,-8.69,-0.06,0.14,-0.00,0.01
4.78,-8.66,-0.05,0.14,-0.00,0.01
4.79,-8.66,0.01,0.12,-0.01,0.01
4.75,-8.66,0.02,0.14,0.00,0.00
4.80,-8.66,-0.01,0.14,0.00,0.00
4.79,-8.66,-0.02,0.14,0.00,0.01
4.77,-8.70,0.01,0.13,-0.00,0.01
4.72,-8.71,0.00,0.14,-0.00,0.01
4.71,-8.67,0.02,0.13,0.00,0.01
4.71,-8.68,-0.01,0.13,-0.00,0.01
4.75,-8.66,0.04,0.13,-0.00,0.01
4.77,-8.66,-0.00,0.13,-0.00,0.01
4.77,-8.73,-0.06,0.13,-0.00,0.00
4.76,-8.69,-0.03,0.13,-0.00,0.01
4.77,-8.66,-0.02,0.13,-0.00,0.01
4.76,-8.68,-0.04,0.13,-0.00,0.01
4.78,-8.66,-0.00,0.14,0.00,0.00
4.78,-8.66,-0.05,0.13,-0.00,0.01
4.78,-8.66,0.00,0.13,0.00,0.01
4.80,-8.65,0.00,0.14,-0.00,0.01
4.75,-8.66,0.00,0.13,-0.00,0.01
4.78,-8.65,-0.00,0.13,-0.00,0.01
4.77,-8.67,-0.06,0.13,0.00,0.01
4.79,-8.67,-0.06,0.14,-0.00,0.01
4.78,-8.66,-0.05,0.14,0.00,0.01
4.79,-8.65,-0.03,0.13,0.00,0.01
4.75,-8.67,-0.06,0.13,0.00,0.01
4.76,-8.68,-0.06,0.13,-0.00,0.01
4.75,-8.66,-0.03,0.13,-0.00,0.01
4.73,-8.67,0.01,0.13,-0.00,0.01
4.75,-8.65,0.01,0.14,-0.00,0.01
4.77,-8.67,0.04,0.13,-0.00,0.01
4.81,-8.65,0.09,0.13,-0.00,0.02
4.77,-8.68,0.08,0.13,-0.00,0.00
4.76,-8.66,0.04,0.13,0.00,0.00
4.75,-8.67,-0.02,0.13,0.00,0.01
4.78,-8.66,0.01,0.13,-0.00,0.01
4.79,-8.66,-0.02,0.13,-0.00,0.01
4.81,-8.66,-0.01,0.13,-0.00,0.01
4.78,-8.69,-0.00,0.13,-0.00,0.01
4.78,-8.64,0.01,0.13,0.00,0.00
4.78,-8.66,0.02,0.13,-0.01,0.01
4.85,-8.61,-0.02,0.13,-0.00,0.01
4.78,-8.65,0.02,0.13,0.00,0.01
4.69,-8.70,-0.10,0.13,-0.00,0.01
4.70,-8.67,-0.06,0.14,-0.00,0.01
4.75,-8.66,-0.04,0.14,-0.00,0.01
4.74,-8.66,-0.03,0.13,0.00,0.01
4.74,-8.68,-0.02,0.14,0.00,0.01
4.76,-8.66,-0.03,0.13,-0.01,0.01
4.70,-8.71,-0.06,0.13,-0.00,0.01
5.09,-8.99,-0.17,0.10,-0.01,0.02
4.73,-8.71,-0.05,0.14,0.00,-0.00
4.75,-8.60,-0.05,0.13,0.00,0.01
4.79,-8.66,-0.01,0.14,-0.00,0.01
4.69,-8.71,-0.04,0.14,-0.00,0.01
4.70,-8.66,0.03,0.13,-0.00,0.01
4.74,-8.69,0.04,0.13,-0.00,0.01
4.75,-8.67,0.04,0.13,0.00,-0.00
4.81,-8.65,0.03,0.13,0.00,-0.00
4.80,-8.65,-0.00,0.13,-0.00,0.01
4.79,-8.66,-0.03,0.13,-0.00,0.01
4.78,-8.67,-0.03,0.13,0.00,0.01
4.75,-8.66,-0.00,0.13,-0.00,0.02
4.73,-8.70,0.01,0.14,-0.00,0.01
4.76,-8.68,-0.02,0.13,-0.00,0.01
4.81,-8.64,-0.04,0.14,0.00,0.01
4.76,-8.67,-0.02,0.14,-0.00,0.01
4.77,-8.65,0.03,0.13,-0.00,0.01
4.75,-8.67,0.02,0.13,-0.00,0.01
4.73,-8.65,-0.02,0.14,0.00,0.01
4.74,-8.66,-0.02,0.13,-0.00,0.01
4.77,-8.72,0.03,0.14,-0.00,0.01
4.76,-8.70,-0.02,0.14,0.00,0.01
4.78,-8.67,-0.06,0.14,-0.00,0.01
4.76,-8.65,0.02,0.14,-0.00,0.01
4.76,-8.68,-0.04,0.13,-0.00,0.01
4.76,-8.64,-0.01,0.13,-0.00,0.01
4.80,-8.69,-0.03,0.13,-0.00,0.01
4.77,-8.65,-0.03,0.13,-0.00,0.01
4.71,-8.67,-0.01,0.13,-0.00,0.01
4.75,-8.67,0.00,0.13,-0.00,0.01
4.75,-8.70,-0.01,0.13,0.00,0.00
4.77,-8.69,-0.01,0.13,-0.00,0.01
4.74,-8.67,-0.02,0.13,-0.00,0.01
4.77,-8.65,-0.04,0.13,0.00,0.01
4.78,-8.64,0.03,0.14,-0.00,0.01
4.85,-8.63,-0.04,0.14,-0.00,0.01
4.94,-8.57,0.02,0.14,-0.01,0.02
4.61,-8.60,0.04,0.14,-0.01,0.03
4.77,-8.65,-0.07,0.14,0.00,0.00
4.76,-8.67,0.02,0.14,-0.00,0.01
4.76,-8.62,0.04,0.13,0.00,0.00
4.77,-8.65,0.03,0.13,0.00,-0.00
4.72,-8.68,-0.01,0.13,-0.00,0.00
4.84,-8.65,-0.04,0.13,-0.00,0.01
4.75,-8.67,-0.02,0.13,0.00,0.00
4.80,-8.66,0.01,0.14,-0.00,0.01
4.81,-8.65,0.09,0.14,-0.00,0.01
4.89,-8.69,-0.03,0.13,0.00,-0.00
4.73,-8.68,-0.03,0.13,0.00,0.00
4.75,-8.66,0.02,0.13,-0.00,0.02
4.64,-8.00,0.40,0.17,0.00,-0.00
4.64,-8.76,-0.03,0.14,0.01,0.01
4.78,-8.70,0.01,0.13,-0.00,0.03
4.71,-8.64,-0.07,0.13,0.00,0.01
4.75,-8.64,0.00,0.14,-0.01,0.02
4.69,-8.68,-0.06,0.14,0.00,0.00
4.75,-8.73,-0.09,0.13,-0.00,0.02
4.77,-8.67,0.03,0.14,0.00,0.01
4.77,-8.65,0.00,0.13,-0.00,0.00
4.81,-8.64,-0.02,0.13,-0.00,0.00
4.73,-8.67,0.00,0.14,-0.00,0.01
4.69,-8.68,0.01,0.14,0.00,0.00
4.73,-8.67,0.00,0.13,0.00,0.00
4.79,-8.69,0.01,0.13,-0.00,0.01
4.77,-8.69,-0.01,0.13,-0.00,0.01
4.74,-8.66,0.01,0.14,-0.00,0.01
4.73,-8.67,-0.01,0.14,-0.00,0.00
4.74,-8.67,-0.01,0.14,-0.00,0.00
4.77,-8.67,-0.02,0.14,-0.00,0.01
4.74,-8.66,-0.03,0.13,-0.00,0.01
4.75,-8.68,0.00,0.14,-0.00,0.01
4.78,-8.68,-0.06,0.13,-0.00,0.01
4.78,-8.69,-0.01,0.13,-0.00,0.01
4.76,-8.67,-0.01,0.13,-0.00,0.01
4.78,-8.62,0.02,0.13,-0.00,0.01
4.77,-8.67,0.03,0.14,-0.00,0.00
4.77,-8.66,-0.02,0.14,-0.00,0.01
4.74,-8.68,-0.02,0.14,0.00,0.01
4.74,-8.69,-0.06,0.14,-0.00,0.01
4.75,-8.69,-0.06,0.14,-0.00,0.02
4.77,-8.66,0.00,0.13,-0.00,0.01
4.79,-8.66,-0.02,0.14,-0.00,0.01
4.77,-8.66,0.07,0.14,0.00,0.00
4.81,-8.66,0.00,0.13,0.00,0.00
4.74,-8.70,-0.04,0.14,0.00,0.00
4.76,-8.66,0.05,0.14,0.00,-0.00
4.78,-8.66,0.01,0.13,-0.00,0.01
4.82,-8.65,0.00,0.14,-0.00,0.01
4.72,-8.71,-0.03,0.13,-0.00,0.01
4.72,-8.55,-0.41,0.21,-0.00,0.06
4.68,-8.83,-0.02,0.15,0.03,-0.06
4.60,-8.62,0.01,0.15,-0.01,0.05
4.90,-8.65,-0.03,0.13,-0.00,0.01
4.84,-8.63,-0.06,0.14,0.00,0.00
4.81,-8.62,-0.05,0.14,-0.00,0.01
4.82,-8.65,-0.04,0.14,-0.00,0.01
4.78,-8.67,-0.04,0.13,0.00,0.00
4.73,-8.67,-0.03,0.14,-0.00,0.01
4.80,-8.62,-0.03,0.14,0.00,-0.00
4.78,-8.66,-0.07,0.14,0.00,-0.00
4.79,-8.66,-0.03,0.14,0.00,0.00
4.82,-8.65,-0.06,0.13,-0.00,0.01
4.75,-8.68,-0.04,0.14,-0.00,0.01
4.78,-8.65,-0.05,0.13,-0.00,0.00
4.78,-8.65,-0.06,0.13,-0.00,0.01
4.82,-8.66,-0.03,0.13,-0.01,0.01
4.80,-8.63,-0.03,0.14,0.00,0.00
4.78,-8.63,-0.02,0.14,0.00,0.01
4.77,-8.64,-0.03,0.13,-0.00,0.00
4.77,-8.67,-0.05,0.13,-0.00,0.00
4.80,-8.64,-0.05,0.13,-0.01,0.00
4.77,-8.65,-0.05,0.14,-0.00,0.01
4.77,-8.66,-0.08,0.13,-0.00,0.01
4.81,-8.66,0.00,0.14,-0.00,0.01
4.74,-8.67,-0.01,0.13,-0.00,0.01
4.77,-8.66,-0.01,0.13,-0.00,0.01
4.80,-8.65,0.01,0.13,-0.00,0.01
4.78,-8.65,-0.04,0.13,-0.00,0.01
4.75,-8.64,0.02,0.13,-0.00,0.01
4.76,-8.64,-0.01,0.14,-0.00,0.01
4.77,-8.64,-0.02,0.13,-0.00,0.01
4.75,-8.68,-0.02,0.13,0.00,0.01
4.86,-8.63,0.00,0.13,0.00,0.01
4.82,-8.66,-0.12,0.13,0.00,-0.00
4.80,-8.70,-0.09,0.13,-0.00,0.00
4.83,-8.64,0.00,0.13,-0.00,0.00
4.79,-8.67,0.04,0.13,0.00,-0.00
4.81,-8.69,-0.00,0.13,0.00,0.00
4.77,-8.67,0.01,0.14,-0.00,0.01
4.76,-8.67,-0.03,0.13,-0.00,0.01
4.77,-8.66,0.00,0.13,0.00,0.01
4.78,-8.66,-0.03,0.13,-0.00,0.01
4.75,-8.68,-0.00,0.13,-0.00,0.01
4.79,-8.66,-0.01,0.13,-0.00,0.01
4.77,-8.65,0.00,0.14,0.00,0.00
4.79,-8.65,-0.04,0.13,0.00,0.01
4.73,-8.62,-0.01,0.14,0.00,0.01
4.75,-8.66,-0.04,0.14,0.00,0.00
4.75,-8.65,0.00,0.14,-0.00,0.01
4.75,-8.67,0.00,0.14,-0.00,0.01
4.76,-8.67,0.00,0.13,-0.00,0.00
4.78,-8.66,-0.03,0.13,0.00,0.00
4.79,-8.68,-0.03,0.13,-0.00,0.01
4.80,-8.63,0.03,0.13,0.00,-0.00
4.76,-8.66,0.01,0.13,-0.00,0.01
4.78,-8.66,-0.01,0.13,0.00,-0.01
4.77,-8.67,-0.01,0.13,-0.00,0.01
4.74,-8.69,0.00,0.13,-0.00,0.02
4.72,-8.70,0.02,0.13,-0.00,0.02
4.69,-8.71,0.01,0.14,-0.00,0.02
4.82,-8.64,-0.04,0.14,-0.00,0.01
4.81,-8.66,-0.04,0.14,-0.00,0.01
4.75,-8.66,0.01,0.14,-0.00,0.01
4.80,-8.66,-0.01,0.14,-0.00,0.01
4.79,-8.67,-0.07,0.14,0.00,0.01
4.81,-8.64,0.00,0.13,0.00,0.01
4.80,-8.67,-0.02,0.13,0.00,0.01
4.73,-8.68,-0.05,0.13,-0.00,0.00
4.77,-8.65,-0.00,0.13,0.00,0.00
4.78,-8.65,0.02,0.13,0.00,0.01
4.77,-8.64,0.00,0.13,-0.00,0.01
4.77,-8.62,0.04,0.13,0.00,0.01
4.77,-8.65,-0.01,0.13,0.00,0.01
4.76,-8.68,-0.01,0.13,-0.00,0.01
4.77,-8.67,0.00,0.13,-0.00,0.00
4.82,-8.64,-0.01,0.13,-0.00,0.01
4.80,-8.63,0.03,0.13,-0.00,0.01
4.76,-8.66,0.01,0.14,-0.00,0.01
4.78,-8.66,-0.01,0.13,-0.00,0.00
4.79,-8.65,-0.01,0.13,-0.00,0.01
4.76,-8.68,-0.00,0.14,-0.00,0.01
4.78,-8.66,-0.01,0.14,-0.00,0.01
4.77,-8.66,0.00,0.13,-0.00,0.01
4.77,-8.65,-0.01,0.13,0.00,0.01
4.78,-8.66,-0.00,0.13,-0.00,0.01
4.77,-8.64,0.02,0.13,-0.00,0.01
4.79,-8.66,0.01,0.13,0.00,0.00
4.78,-8.65,-0.03,0.13,-0.00,0.01
4.75,-8.65,0.00,0.13,0.00,0.01
4.78,-8.61,-0.01,0.13,-0.00,0.01
4.71,-8.59,0.03,0.14,0.00,0.01
4.73,-8.71,0.02,0.13,-0.00,0.01
4.82,-8.60,0.00,0.14,0.00,0.01
4.76,-8.66,-0.02,0.14,0.00,0.01
4.75,-8.67,0.02,0.13,-0.00,0.01
4.78,-8.68,0.00,0.13,-0.00,0.01
4.76,-8.65,0.04,0.14,-0.00,0.00
4.85,-8.63,-0.04,0.14,-0.00,0.01
4.76,-8.67,-0.00,0.13,-0.00,0.01
13.05,-12.10,-11.74,-2.15,0.59,1.46
1.54,-10.61,0.04,-0.21,-1.51,-2.09
3.30,-7.52,-1.07,1.24,-0.46,-0.46
6.07,-7.24,-0.79,0.55,0.21,-0.34
8.03,-6.06,-0.28,0.43,0.15,-0.16
7.69,-4.40,0.35,0.48,-0.04,-0.83
8.87,-5.00,-0.10,0.01,0.36,0.08
7.88,-5.07,1.31,0.13,0.02,0.23
7.14,-5.67,1.35,-0.17,-0.75,0.81
7.54,-6.69,-0.93,0.84,-0.27,0.12
7.96,-9.03,-1.92,0.53,-0.66,-0.11
10.07,-5.36,-1.41,-0.60,-1.13,-0.15
8.12,-6.05,0.15,0.14,-0.21,-0.52
10.95,-4.87,-3.04,-0.11,-0.84,-0.65
7.13,-4.35,-1.20,0.05,-0.04,0.24
7.79,-5.27,-1.31,-0.09,-0.03,0.32
9.68,-6.43,-3.59,0.01,-0.17,-0.23
8.86,-0.51,-1.24,-0.14,-0.59,0.16
9.05,-5.47,-2.95,-0.02,1.06,-1.72
8.07,-9.14,-3.14,0.17,-0.24,2.86
6.74,-2.68,-2.63,-1.05,0.41,-0.53
6.96,-5.77,-1.61,0.09,0.50,0.31
7.36,-8.97,-1.84,-0.14,0.46,-0.11
7.43,-4.82,-2.17,-0.09,-0.23,0.08
7.13,-6.54,-2.22,-0.03,0.13,0.72
6.24,-7.00,-2.68,0.16,0.12,0.18
6.05,-6.92,-2.44,-0.22,0.47,-0.56
6.72,-5.34,-2.27,-0.43,0.29,-0.78
8.26,-3.54,-0.91,0.78,0.53,-0.43
8.44,-5.22,-1.03,-0.10,0.32,0.02
11.11,-4.57,-2.88,-0.07,-0.52,-0.68
8.95,-3.14,-0.52,0.18,0.13,-0.13
9.61,-2.33,-0.61,-0.11,0.18,0.00
9.35,-2.89,-0.15,-0.02,0.18,-0.48
9.14,-1.68,-0.23,0.05,0.07,-0.15
9.92,-2.20,-0.04,0.16,0.04,0.27
10.23,-2.54,-0.07,-0.14,-0.10,0.22
9.87,-3.26,-0.01,-0.17,0.03,0.21
8.71,-3.36,-1.84,0.19,-0.19,-0.06
9.84,-3.08,-0.92,0.33,0.01,0.11
9.95,-4.27,-0.37,0.34,-0.12,0.02
9.26,-3.18,-1.63,0.53,-0.23,-0.03
9.17,-3.06,-1.10,0.19,-0.04,0.04
9.51,-2.42,-1.04,-0.38,-0.23,0.10
9.14,-2.26,-1.61,-0.03,-0.30,0.08
9.86,-2.31,-1.36,-0.03,0.16,0.48
7.93,-2.45,-2.04,0.65,-0.36,0.05
7.98,-5.35,-2.50,2.21,-0.87,-0.76
8.31,-5.39,0.89,1.59,-0.61,-0.57
9.98,-5.68,-0.83,1.60,-0.56,-0.12
8.42,-4.98,-0.12,1.14,-0.61,-0.13
7.95,-3.67,-0.60,1.38,-0.54,-0.76
8.51,-4.96,0.27,0.46,-0.39,-0.02
8.82,-4.02,-0.47,0.61,-0.06,-0.54
8.75,-3.64,-0.06,0.89,-0.08,-0.51
9.82,-3.85,-0.19,0.70,-0.09,-0.02
9.48,-3.20,-0.46,0.51,-0.17,-0.06
8.47,-4.16,-0.31,0.30,-0.36,0.47
8.71,-4.26,-0.19,0.15,0.02,0.07
9.11,-4.72,-0.46,0.12,0.03,0.02
9.24,-4.30,0.03,0.27,0.10,-0.43
9.79,-3.06,0.32,0.16,0.03,-0.40
9.36,-2.77,-0.13,0.08,-0.09,-0.22
9.61,-2.11,0.11,0.10,0.14,-0.22
9.89,-2.12,0.33,0.14,0.05,-0.06
9.91,-1.53,0.16,0.14,-0.04,0.18
9.74,-2.75,0.03,0.25,-0.02,0.13
9.60,-2.75,0.07,0.08,-0.06,0.15
9.50,-3.02,0.17,0.10,0.03,0.09
9.67,-3.13,-0.03,0.03,-0.06,0.03
9.62,-3.25,-0.28,0.11,-0.07,0.06
9.63,-3.14,-0.43,0.04,0.02,-0.02
9.51,-3.11,-0.42,-0.08,0.00,-0.03
9.57,-3.33,-0.14,0.05,0.02,0.10
9.60,-2.96,-0.38,0.02,0.05,-0.10
9.55,-2.93,-0.30,0.11,-0.03,0.03
9.37,-2.98,-0.34,0.06,0.04,-0.03
9.73,-3.02,-0.50,0.07,0.07,-0.05
9.49,-2.78,-0.18,0.05,0.03,-0.04
9.38,-2.44,-0.45,0.06,-0.03,-0.00
9.35,-2.68,-0.75,0.05,-0.07,0.13
9.52,-3.22,-1.01,-0.15,0.02,0.07
9.40,-3.25,-0.56,0.18,0.09,0.07
9.25,-3.11,-0.64,0.17,0.05,-0.09
9.38,-3.05,-0.49,0.22,-0.01,-0.08
9.49,-2.56,-0.79,0.10,-0.03,-0.00
9.66,-3.10,-0.68,0.09,0.01,0.06
9.54,-3.33,-0.45,0.18,0.08,0.14
9.21,-3.21,-0.58,0.15,-0.09,-0.04
9.23,-3.32,-0.57,0.20,-0.03,0.06
9.25,-3.58,-0.81,0.48,-0.19,0.17
8.45,-4.31,-0.61,0.14,0.17,0.13
8.82,-4.39,-0.81,0.14,0.01,0.25
8.54,-5.16,-0.92,0.25,-0.03,0.39
8.45,-6.25,-0.89,0.44,-0.17,0.51
7.98,-6.53,-0.69,0.23,0.08,0.06
7.98,-5.43,-0.53,-0.01,0.11,-0.20
7.89,-5.32,-0.44,0.23,-0.01,-0.01
8.10,-5.80,0.08,0.19,0.12,-0.04
8.26,-5.50,-0.01,0.20,0.01,-0.07
8.52,-5.80,-0.10,0.33,-0.07,-0.09
8.64,-5.48,-0.34,0.09,-0.06,0.07
8.26,-5.01,-0.39,0.11,0.02,-0.08
8.42,-5.73,-0.26,-0.01,0.06,0.10
8.41,-5.06,-0.50,0.08,0.04,-0.03
8.48,-5.22,-0.39,0.11,0.03,0.03
8.39,-5.28,-0.55,0.04,-0.02,0.02
8.83,-5.06,-0.83,-0.03,0.05,-0.02
8.28,-4.83,-0.79,0.18,-0.05,0.20
8.08,-5.56,-0.64,0.15,-0.01,0.04
8.21,-5.37,-0.53,0.15,0.03,0.02
8.26,-5.53,-0.80,0.13,-0.04,-0.00
8.13,-5.53,-0.67,0.12,0.04,-0.01
8.12,-5.33,-0.69,0.07,-0.02,-0.01
8.33,-5.67,-0.96,0.23,-0.05,0.05
8.12,-5.59,-0.74,0.27,-0.06,0.26
7.87,-5.80,-0.66,0.16,-0.01,-0.04
8.12,-6.16,-0.75,0.13,-0.02,-0.04
8.13,-5.85,-0.86,0.09,-0.03,-0.23
8.11,-5.26,-0.66,0.12,0.03,-0.01
8.14,-5.38,-0.94,0.20,-0.02,-0.01
8.20,-5.59,-0.94,0.11,-0.05,0.11
8.33,-5.84,-0.89,0.12,0.01,0.03
8.10,-5.81,-0.81,0.15,-0.03,0.04
EEPROM cleared.
8.08,-5.63,-0.73,0.14,0.01,0.05
MPU6050 Found!
MAX_SAMPLES: 170
Resuming from sample #49
Send 'd' to dump, 'c' to clear.
1.32,-1.22,0.03,0.14,-0.01,-0.03
7.26,-6.60,0.12,0.16,0.00,0.01
7.33,-6.70,0.21,0.10,0.00,0.03
7.33,-6.81,0.14,0.10,0.04,-0.02
7.35,-6.76,0.14,0.13,-0.00,0.02
7.32,-6.85,0.14,0.15,-0.01,0.04
7.31,-6.75,0.11,0.13,-0.03,0.01
7.21,-6.82,0.04,0.19,-0.03,0.03
7.24,-6.71,0.20,0.10,-0.01,0.00
7.30,-6.82,0.11,0.14,0.01,0.02
7.30,-6.94,0.09,0.15,0.02,0.00
=== EEPROM DUMP START ===
Samples stored: 60
ax,ay,az,gx,gy,gz
8.0780,-5.6336,-0.7278,0.1364,0.0053,0.0501
8.0325,-5.6503,-0.6943,0.1242,-0.0048,0.0325
8.0756,-5.7772,-0.8954,0.1106,-0.0306,0.0296
6.7133,-8.0349,-0.4022,0.5609,0.0120,-0.4690
8.5473,-8.8801,-0.3304,2.1117,-0.4165,-1.4027
7.3981,-1.1492,1.4868,3.7497,-0.7917,-0.7043
14.2575,-0.4932,-0.3089,2.7126,-1.1077,-0.6291
2.1739,-3.7996,-3.0143,1.9145,-0.6017,-0.2606
8.4539,-2.2218,0.0431,3.1738,-1.7946,-0.5721
-0.9505,-6.5314,-2.9592,8.0682,-2.0054,-1.6337
8.6622,-6.5050,-0.6201,4.0089,-0.9196,-1.6158
4.2306,3.5434,2.5426,1.4216,-1.5012,-3.2538
-1.9465,12.0404,-2.2194,0.2284,-1.6920,-1.3320
-1.3408,11.5975,-2.6456,-1.0291,0.1889,-1.9388
2.0087,14.2287,-1.1301,0.6843,0.2372,1.1828
0.6129,10.8266,-1.5897,0.5263,0.4183,1.2990
5.6503,15.6174,-2.5067,-0.0088,0.0530,1.4298
5.7293,3.4500,0.9146,0.4519,0.1287,2.1853
14.1952,-1.4820,-3.2561,0.1418,0.5097,0.9942
9.7133,3.8475,-0.0383,0.5454,-0.0783,0.3160
9.3015,-3.4788,0.5962,0.3032,-0.1159,-0.1868
10.1993,0.3567,-1.1875,-0.1484,-0.0061,-0.5103
6.3015,3.7900,0.7566,0.4239,0.2044,-0.0312
13.3644,-0.4717,-1.2498,0.5401,0.2377,1.1604
7.4843,-1.8866,-0.6225,0.0917,0.6166,-0.1727
9.2536,-0.4357,0.7853,-0.0218,0.2521,-0.2606
11.2743,-3.0143,0.9218,1.1207,-0.8599,1.4599
6.0573,-3.4381,-0.8835,0.9785,-0.8474,0.8100
8.0804,-6.0885,-1.0774,0.2451,-0.2084,0.1977
8.1187,-5.0182,-2.0638,0.4970,-0.1303,0.3677
7.7045,-6.3422,-2.0758,0.2705,0.0485,0.4975
6.5721,-7.1874,-0.7973,0.3845,-0.0552,0.5396
6.1746,-7.4460,1.1229,0.3672,-0.0770,0.2356
6.2082,-8.7436,0.3065,0.1636,-0.0560,0.2356
5.7844,-8.0756,-0.4669,0.2697,0.0560,-0.0096
5.8706,-8.4611,-0.1676,0.4056,0.0250,0.1951
6.1339,-8.7867,0.1820,0.1175,-0.0810,-0.0250
5.8538,-8.0996,0.6536,0.0187,-0.0005,0.0472
5.5689,-8.2911,0.6129,0.0314,0.0181,0.0040
5.8754,-8.3103,0.3807,0.1996,-0.0333,-0.0642
5.8203,-8.0134,0.4908,0.2041,-0.0067,-0.1234
5.9999,-8.0756,0.2490,0.1743,-0.0437,0.0416
5.8945,-7.9679,0.2155,0.1138,0.0501,-0.0157
5.9185,-7.8913,0.2490,0.1663,0.0674,-0.0107
5.9448,-8.0206,0.3232,0.0829,-0.0274,0.0136
5.7724,-8.0732,0.3855,0.1463,-0.0269,0.0184
5.9376,-8.1762,0.1556,0.1327,-0.0477,-0.0240
6.2441,-7.7859,0.2658,0.1226,-0.0221,-0.3238
6.7181,-7.3717,0.1556,0.1450,0.0197,-0.2465
1.3240,-1.2186,0.0263,0.1370,-0.0056,-0.0306
7.2640,-6.6008,0.1221,0.1599,0.0003,0.0091
7.3263,-6.6966,0.2107,0.1034,0.0040,0.0250
7.3310,-6.8091,0.1389,0.0973,0.0424,-0.0187
7.3478,-6.7564,0.1437,0.1327,-0.0048,0.0229
7.3191,-6.8498,0.1365,0.1498,-0.0064,0.0394
7.3119,-6.7540,0.1077,0.1311,-0.0274,0.0056
7.2089,-6.8187,0.0407,0.1876,-0.0328,0.0269
7.2425,-6.7109,0.2035,0.1047,-0.0147,0.0016
7.2951,-6.8235,0.1149,0.1386,0.0104,0.0218
7.2975,-6.9360,0.0862,0.1482,0.0245,0.0048
=== EEPROM DUMP END ===
7.21,-6.79,0.08,0.14,-0.00,0.02
7.31,-6.81,0.07,0.11,0.01,0.02
7.30,-6.86,0.03,0.15,-0.00,0.02
7.18,-6.85,0.14,0.15,0.03,0.01
7.35,-6.90,0.03,0.11,-0.03,0.04
7.39,-6.82,0.00,0.10,0.00,-0.03
7.40,-7.03,0.12,0.11,-0.07,0.10
7.30,-6.70,0.14,0.11,0.01,-0.06
7.03,-6.76,-0.15,0.13,0.01,-0.11
7.64,-6.66,-0.08,0.11,-0.05,0.01
7.14,-6.99,0.07,-0.00,-0.03,0.10
7.16,-7.43,-0.12,0.05,0.16,0.05
7.20,-7.45,-0.13,0.05,-0.06,0.09
MPU6050 Found!
MAX_SAMPLES: 170
Resuming from sample #170
Send 'd' to dump, 'c' to clear.
1.56,-0.94,0.29,0.16,0.01,0.07
8.66,-5.30,1.63,0.16,0.01,0.01
8.71,-5.07,1.59,0.16,-0.03,-0.05
8.65,-5.02,1.65,0.22,-0.01,-0.08
8.71,-4.85,1.66,0.15,-0.01,-0.02
8.88,-4.93,1.62,0.12,-0.04,0.00
8.61,-5.09,1.64,-0.07,-0.01,0.11
8.42,-4.68,1.13,-0.72,0.01,0.22
8.44,-5.54,0.81,-0.06,0.05,0.08
8.44,-5.66,0.76,0.09,0.09,-0.01
EEPROM cleared.
8.66,-5.95,0.94,0.39,0.00,-0.13
8.53,-4.97,0.94,0.24,-0.00,-0.04
8.42,-5.51,0.99,0.26,-0.08,0.30
8.26,-5.54,0.59,0.17,0.06,-0.04
8.26,-5.50,0.86,0.26,0.05,-0.10
8.37,-5.42,1.13,0.16,0.04,-0.03
8.38,-5.59,1.07,0.14,-0.02,0.03
8.38,-5.59,0.89,0.13,-0.00,0.01
8.45,-5.64,0.87,0.11,0.01,0.01
8.18,-5.46,0.84,-0.04,0.00,0.27
8.09,-6.08,0.49,0.01,-0.02,0.15
7.95,-5.93,0.45,-0.10,-0.02,0.11
7.75,-6.38,0.30,0.07,0.02,0.14
7.78,-6.54,0.23,0.17,0.03,0.03
7.76,-6.35,0.22,0.14,0.03,-0.01
7.83,-6.50,0.25,0.16,0.01,0.02
7.63,-6.45,0.26,0.09,-0.01,0.05
7.66,-6.41,0.21,0.16,0.01,0.01
7.63,-6.57,0.24,0.17,-0.01,-0.03
7.66,-6.43,0.22,0.16,-0.02,-0.03
8.16,-5.80,0.51,0.31,0.14,-0.13
8.03,-5.82,0.43,0.19,0.02,0.03
8.02,-5.88,0.35,0.12,-0.07,0.15
7.97,-6.19,0.26,0.09,-0.02,0.06
7.97,-6.08,0.30,0.13,0.03,0.03
EEPROM cleared.
7.95,-5.96,0.21,0.14,-0.03,0.07
MPU6050 Found!
MAX_SAMPLES: 170
Resuming from sample #73
Send 'd' to dump, 'c' to clear.
1.12,-1.42,-0.03,0.21,-0.02,-0.01
6.05,-7.88,-0.05,0.24,-0.02,0.00
6.02,-7.98,-0.04,0.16,-0.05,0.03
6.09,-8.11,-0.03,0.16,-0.04,-0.03
6.05,-7.89,-0.03,0.15,-0.03,-0.04
6.15,-7.98,0.16,0.37,0.06,-0.06
6.22,-8.37,0.06,0.12,0.08,0.02
=== EEPROM DUMP START ===
Samples stored: 80
ax,ay,az,gx,gy,gz
7.9464,-5.9640,0.2083,0.1418,-0.0309,0.0730
7.8841,-6.0597,0.2538,0.1300,-0.0197,0.0211
7.9416,-6.2441,0.1915,0.1764,-0.0357,0.0791
4.7932,-9.6486,0.6464,-0.2689,0.0344,-0.2625
9.3039,-8.5018,-0.5818,-0.1466,0.4434,-0.8551
8.3079,-4.6424,0.3903,-1.6030,0.9182,-0.0624
13.4482,2.5642,1.3623,-1.4997,0.1529,-0.5556
5.8466,-0.0718,1.0511,0.3813,0.0091,0.0245
12.1242,2.4780,-1.4844,0.3176,-0.0432,0.2880
6.4787,0.2035,1.5969,0.1974,0.4101,0.4538
9.2775,1.1157,1.5490,1.5500,0.4207,-0.1335
8.4779,-22.4169,4.4412,3.6276,2.4142,0.7053
19.1225,5.1834,0.2825,3.4145,3.1864,-0.3912
15.3564,4.0318,10.0628,1.2409,0.9030,0.9196
6.9312,2.6863,11.9183,1.1255,-1.5268,0.6694
7.9895,-0.4669,4.5107,0.6227,-1.3893,-0.0805
7.9751,-0.5674,1.2474,0.2545,-1.3363,0.2467
9.3877,-2.6815,-1.4102,1.3299,-0.3123,-0.1026
9.6367,-0.7925,-2.1165,0.7285,-0.0488,-0.2510
8.5425,-0.6847,2.2577,-0.9326,0.1332,-0.1881
10.4244,3.9002,2.3870,-0.8705,-0.0786,0.6430
14.8201,-6.3351,1.5850,-0.9611,-0.6816,1.4437
11.1690,-3.6631,-1.5323,0.0421,-0.3576,0.3882
6.1124,-4.6974,0.6225,-0.1580,0.0477,1.0587
4.8147,-5.5641,-0.4597,-0.4426,0.5718,0.7144
5.7197,-6.3973,-1.0989,-0.6363,0.8247,0.4258
5.0661,-6.3470,-0.9098,-0.3203,0.4050,0.0546
5.7509,-8.3007,-0.9768,0.2278,0.3395,0.3568
5.5689,-7.7788,0.0886,-0.0160,0.3720,-0.0440
6.2728,-8.9495,-0.1030,0.0962,0.1937,0.3568
5.2265,-9.0214,-0.0455,0.2270,-0.0165,0.5143
4.3766,-8.8921,0.1700,0.2246,0.1591,0.2646
3.9744,-9.3925,0.0359,0.1090,0.1194,0.1343
4.0247,-8.9639,-0.0814,0.0941,0.0045,-0.0205
4.0366,-8.8538,-0.0599,0.1156,0.0613,0.0645
4.1539,-9.0716,-0.0551,0.1263,0.0386,0.1271
4.1515,-9.0932,-0.1580,0.1322,0.0541,0.0333
3.9193,-9.0309,-0.0862,0.1266,0.0405,0.0637
3.8595,-8.9926,-0.1484,0.1553,0.0362,0.0610
3.9768,-9.1770,-0.2298,0.1300,0.0490,0.0274
3.8451,-9.1650,-0.1269,0.1609,0.0258,0.0314
3.8188,-9.3446,-0.0431,0.1492,-0.0061,-0.0480
3.5171,-8.8442,-0.0503,0.1935,-0.0746,-0.0863
3.9049,-9.2464,-0.2562,0.0629,-0.0738,-0.0165
4.0079,-9.1147,-0.2346,0.1681,-0.0067,0.0317
3.9696,-9.2201,-0.2945,0.1628,0.0434,-0.0352
3.8954,-8.9088,-0.1173,0.0967,-0.0144,-0.0011
3.9648,-9.0453,-0.1987,0.0682,0.0019,-0.0600
4.1037,-9.1075,-0.0910,0.1487,-0.0357,-0.0176
4.0821,-9.1866,-0.1532,0.3096,-0.0221,-0.0402
4.2832,-9.4427,-0.0551,-0.1567,0.0666,-0.2329
4.3215,-8.9376,-0.1293,0.3501,-0.0248,0.1023
4.2210,-8.9950,-0.0311,0.1809,0.0597,0.0226
4.4341,-8.9280,-0.1484,0.1258,-0.0048,-0.0253
4.1635,-8.7604,-0.0407,0.1569,-0.0115,0.0147
4.3000,-8.9926,-0.0072,0.1300,-0.0253,0.0016
4.0103,-9.0429,0.0838,0.2952,-0.0469,-0.0211
4.8363,-9.1219,0.5818,0.2443,-0.0120,-0.1540
4.6088,-9.3422,0.4669,0.3088,-0.0144,-0.1868
5.3367,-8.3701,0.4549,0.1815,0.0115,-0.0394
4.8195,-9.0692,0.4022,0.0240,-0.0520,0.1599
4.9249,-8.8897,0.0742,0.0024,-0.0754,0.0525
4.2114,-8.3821,0.0742,0.0573,-0.1010,-0.0333
4.6424,-8.7700,-0.1867,0.0618,0.0133,0.1050
4.3407,-8.4324,-0.6177,0.0280,0.0325,0.1966
4.0965,-8.9663,0.0646,0.0048,0.1183,-0.0136
4.6471,-8.4779,-0.6440,0.1865,0.0085,-0.1295
4.4963,-8.8394,-0.8116,0.1053,0.0288,-0.1516
4.6495,-9.0668,-0.1772,0.1095,0.0517,-0.1095
4.9967,-7.7835,-0.6871,-0.0959,0.0338,-0.4024
5.2194,-8.3366,-0.9577,0.2356,0.0346,0.0141
5.5210,-8.0062,-0.9074,0.1820,0.0336,-0.0989
5.4899,-7.5346,-0.8547,0.1439,0.0890,-0.1023
1.1205,-1.4246,-0.0263,0.2118,-0.0197,-0.0131
6.0549,-7.8817,-0.0527,0.2425,-0.0205,0.0037
6.0190,-7.9847,-0.0383,0.1569,-0.0538,0.0312
6.0932,-8.1116,-0.0263,0.1580,-0.0360,-0.0338
6.0478,-7.8937,-0.0287,0.1535,-0.0280,-0.0362
6.1483,-7.9823,0.1556,0.3677,0.0573,-0.0597
6.2249,-8.3725,0.0551,0.1167,0.0813,0.0179
=== EEPROM DUMP END ===
6.20,-7.84,-0.03,0.15,-0.00,0.01
6.09,-7.80,0.06,0.15,0.01,0.01
6.14,-7.78,0.07,0.17,-0.02,-0.01
6.32,-7.93,0.04,0.15,0.01,-0.01
6.23,-7.79,0.14,0.20,-0.04,0.00
6.13,-7.90,0.15,0.16,-0.05,0.02
6.15,-7.89,0.13,0.17,-0.03,-0.00
6.24,-7.85,0.08,0.16,-0.01,-0.01
6.18,-7.83,0.18,0.18,-0.02,0.00
6.21,-7.83,0.13,0.14,-0.02,0.01
6.19,-7.93,0.11,0.14,0.00,0.01
6.15,-7.81,0.07,0.11,0.02,0.06
6.12,-8.01,0.07,0.13,0.03,0.05
5.99,-7.76,0.11,0.13,0.04,0.06
5.95,-8.04,0.21,0.13,0.01,0.08
5.85,-8.18,0.13,0.16,-0.01,0.04
5.88,-7.84,0.02,0.11,-0.01,-0.04
5.92,-8.16,0.01,0.12,-0.01,0.17
5.81,-8.25,-0.04,0.12,-0.02,-0.01
5.85,-7.97,-0.08,0.11,0.03,-0.21
5.96,-7.68,-0.10,0.02,-0.00,0.04
6.02,-8.28,-0.31,0.09,0.02,0.03
5.88,-7.90,-0.29,0.15,-0.02,0.01
5.88,-8.58,-0.45,0.13,0.00,0.09
5.68,-8.08,-0.34,0.17,-0.00,-0.01
5.78,-8.10,-0.36,0.16,0.07,0.01
5.91,-7.93,-0.31,0.09,-0.06,0.04
5.91,-8.23,-0.28,0.12,-0.01,0.05
6.19,-8.11,-0.29,0.19,0.07,-0.03
6.29,-8.21,-0.25,0.24,-0.01,0.04
6.28,-8.23,-0.34,0.13,-0.03,0.00
6.20,-7.96,-0.26,0.18,-0.04,-0.06
6.23,-7.77,-0.16,0.14,-0.01,-0.02
6.31,-7.67,-0.34,0.17,0.04,-0.06
6.48,-7.62,-0.20,0.11,-0.04,0.01
6.26,-7.94,-0.29,0.11,-0.19,0.46
5.10,-7.95,-0.94,0.26,-0.43,0.05
5.26,-8.16,-0.52,0.16,-0.06,0.21
5.15,-9.17,-0.89,-0.12,-0.17,0.01
5.66,-8.00,-0.95,0.02,-0.22,-0.39
6.04,-8.19,-0.74,0.20,0.13,0.16
5.70,-8.32,-0.50,0.02,-0.03,0.17
5.41,-8.23,-1.03,0.03,-0.02,-0.05
5.87,-7.81,-0.94,0.20,0.09,-0.38
5.95,-7.76,-0.82,0.18,0.01,0.20
5.80,-7.89,-0.68,0.08,0.05,0.08
5.73,-7.94,-0.81,0.16,0.10,0.04
5.93,-7.88,-0.65,0.14,0.02,0.09
5.46,-8.06,-0.85,0.20,-0.01,-0.00
5.64,-7.94,-0.55,0.19,0.00,-0.01
5.74,-8.32,-0.59,0.16,-0.03,0.03
5.67,-7.94,-0.57,0.14,-0.01,0.02
5.74,-8.06,-0.72,0.17,-0.03,0.04
5.68,-7.89,-0.69,0.15,0.02,0.01
5.65,-7.62,-0.62,0.17,-0.01,0.06
5.71,-8.27,-0.55,0.09,-0.01,0.06
5.53,-8.37,-0.74,0.14,-0.03,0.16
5.37,-7.93,-0.58,0.17,-0.01,-0.04
5.60,-8.33,-0.78,0.19,0.03,-0.01
5.47,-8.09,-0.57,0.15,0.00,-0.00
5.61,-7.89,-0.49,0.21,0.06,-0.20
5.74,-8.09,-0.23,0.12,0.03,0.00
6.01,-8.03,-0.35,0.23,0.02,-0.03
5.80,-7.96,-0.06,0.11,-0.04,-0.01
5.93,-7.85,-0.63,0.02,-0.03,-0.01
5.90,-7.96,-0.57,0.09,0.02,-0.06
6.48,-8.32,-0.87,-0.03,0.09,-0.28
7.02,-6.56,-0.53,-0.06,0.30,-0.46
7.11,-6.27,-0.42,0.22,-0.09,-0.03
7.90,-6.19,-0.51,0.16,0.10,-0.35
7.86,-5.76,-0.41,0.21,-0.02,0.02
7.90,-6.29,-0.45,0.16,-0.08,0.05
7.87,-6.27,-0.34,0.13,0.02,0.07
7.79,-6.48,-0.09,0.15,0.00,-0.01
7.67,-5.98,-0.04,0.20,0.09,-0.03
8.18,-6.17,-0.09,-0.12,0.15,-0.11
7.92,-5.63,-0.07,0.00,0.26,-0.16
8.40,-5.87,0.03,0.13,0.10,-0.11
7.39,-5.71,0.74,-0.08,0.45,-0.29
8.56,-5.32,0.10,0.38,0.09,0.10
8.38,-5.54,0.59,0.16,-0.06,0.13
8.46,-5.57,0.51,0.25,-0.09,0.04
8.12,-5.59,0.66,0.17,-0.07,-0.15
8.74,-5.52,0.10,0.17,-0.09,0.01
8.44,-5.19,0.52,0.13,0.08,0.04
8.43,-5.26,0.35,0.23,-0.07,0.04
8.34,-5.53,0.37,0.16,-0.07,-0.00
8.35,-5.82,0.20,0.15,-0.03,0.05
8.27,-5.68,0.21,0.09,0.01,-0.03
>>> EEPROM FULL - recording stopped <<<
8.30,-5.69,0.33,0.11,0.00,-0.04
8.43,-5.57,0.27,0.06,0.03,-0.11
8.50,-5.44,0.15,0.16,-0.03,0.02
8.49,-5.45,0.23,0.15,-0.05,-0.01
8.56,-5.41,0.12,0.12,0.01,0.04
8.52,-5.44,0.14,0.12,-0.01,-0.02
8.50,-5.30,0.15,0.13,0.02,0.02
8.54,-5.44,0.11,0.15,0.00,0.02
8.50,-5.40,0.18,0.16,0.00,0.02
8.49,-5.43,0.15,0.13,0.01,-0.00
8.50,-5.43,0.20,0.14,0.01,-0.01
8.57,-5.30,0.20,0.16,0.02,-0.05
8.73,-5.23,0.31,0.23,0.05,-0.16
8.60,-4.82,0.43,0.19,-0.04,-0.03
8.78,-4.91,0.39,0.16,0.01,0.01
8.83,-5.06,0.34,0.12,0.01,0.05
8.78,-4.98,0.35,0.16,0.00,0.03
8.81,-4.86,0.34,0.15,-0.02,-0.01
8.74,-4.93,0.35,0.15,-0.01,0.01
8.80,-4.87,0.32,0.14,0.00,0.01
8.83,-5.05,0.30,0.14,-0.01,0.03
8.71,-4.97,0.26,0.13,-0.01,0.02
8.71,-4.94,0.23,0.15,0.00,-0.01
8.70,-4.93,0.30,0.16,-0.01,0.02
8.78,-5.11,0.22,0.17,0.02,0.07
8.72,-5.15,0.36,0.15,0.02,0.02
8.65,-5.04,0.40,0.14,0.02,0.03
8.64,-5.19,0.43,0.17,-0.00,0.03
8.71,-5.11,0.34,0.16,-0.01,0.00
8.72,-5.17,0.31,0.12,-0.01,0.01
8.60,-5.25,0.32,0.12,0.01,0.07
8.62,-5.41,0.27,0.12,-0.02,0.02
8.49,-5.35,0.27,0.10,0.01,0.02
8.48,-5.19,0.30,0.14,0.01,-0.03
8.57,-5.29,0.26,0.17,0.01,0.02
8.60,-5.23,0.28,0.13,-0.02,0.02
8.58,-5.48,0.20,0.03,0.02,0.03
8.47,-5.26,0.22,0.13,-0.01,0.01
8.57,-5.14,0.12,0.10,0.09,0.01
8.57,-5.36,0.13,0.17,0.04,-0.05
8.50,-5.25,0.21,0.13,0.03,0.01
8.55,-5.37,0.27,0.14,0.00,-0.02
8.54,-5.32,0.25,0.13,0.01,0.01
8.52,-5.31,0.23,0.15,-0.01,-0.00
8.59,-5.30,0.26,0.15,-0.00,0.00
8.55,-5.31,0.27,0.15,0.01,0.05
8.61,-5.32,0.26,0.16,-0.01,0.03
8.58,-5.35,0.28,0.16,-0.00,0.04
8.49,-5.44,0.29,0.17,-0.01,0.04
8.52,-5.49,0.24,0.15,0.03,0.02
8.42,-5.41,0.31,0.16,0.01,-0.01
8.40,-5.42,0.35,0.12,0.02,0.01
8.51,-5.44,0.36,0.15,0.01,0.03
8.41,-5.44,0.37,0.12,0.01,0.02
8.50,-5.38,0.35,0.14,0.01,0.00
8.50,-5.43,0.40,0.14,0.00,0.01
8.44,-5.46,0.28,0.11,0.01,0.03
8.48,-5.43,0.28,0.14,-0.01,-0.01
8.45,-5.42,0.24,0.14,-0.01,0.02
8.45,-5.50,0.23,0.13,-0.02,0.01
8.43,-5.51,0.23,0.13,-0.00,0.01
8.43,-5.53,0.23,0.15,0.00,0.04
8.39,-5.49,0.30,0.18,-0.01,-0.01
8.43,-5.60,0.23,0.17,-0.02,0.03
8.37,-5.67,0.19,0.16,-0.01,-0.01
8.32,-5.54,0.26,0.17,-0.01,0.00
8.37,-5.69,0.21,0.17,-0.02,0.04
8.29,-5.76,0.18,0.11,0.00,-0.06
8.29,-5.70,-0.12,0.05,-0.01,-0.03
6.88,-5.40,0.33,-0.06,0.02,0.59
7.88,-5.61,-0.39,-0.31,-0.09,0.67
7.25,-7.57,-1.93,0.14,-0.12,0.27
6.13,-7.84,-1.25,0.18,0.04,-0.02
6.34,-7.33,-0.58,0.02,0.09,0.17
5.45,-7.66,-0.38,0.07,-0.29,1.12
3.82,-8.39,-1.80,0.41,-0.33,0.61
2.83,-9.46,-2.10,0.18,-0.74,0.63
2.02,-9.07,-2.55,0.19,-0.56,0.14
1.51,-9.42,-3.47,0.14,-0.29,0.21
0.65,-9.23,-2.85,0.04,-0.07,0.08
0.78,-9.39,-2.89,0.02,0.01,0.17
0.90,-9.89,-2.81,0.13,0.09,0.31
-1.32,-9.40,-2.51,0.04,0.51,-0.15
-0.19,-8.22,-2.21,-0.16,-0.01,-0.15
0.51,-8.13,-4.45,-0.07,0.03,-0.21
1.61,-9.18,-3.11,-0.15,0.27,0.03
0.38,-7.50,-4.71,-0.06,-0.19,-0.09
1.69,-8.26,-4.89,-0.11,0.05,-0.06
2.69,-9.32,-6.64,0.64,-0.17,0.26
1.74,-9.02,-5.33,0.28,0.11,-0.04
1.41,-8.60,-4.06,0.65,0.05,-0.07
2.04,-8.43,-0.52,0.26,0.38,-0.21
3.67,-8.41,-1.52,0.06,0.21,-0.14
3.23,-9.33,-3.42,0.57,0.09,-0.60
3.72,-8.23,-1.20,0.58,-0.03,-0.34
4.89,-8.23,-1.34,0.28,-0.30,-0.18
4.68,-7.87,-0.68,-0.05,-0.01,0.04
5.82,-8.88,-1.75,0.37,-0.11,-0.15
4.54,-7.69,-1.98,0.35,-0.33,0.23
2.93,-9.52,-2.81,0.12,0.13,0.14
5.48,-9.24,-1.87,-0.39,0.62,0.09
3.86,-7.73,-2.12,-0.48,1.27,0.18
5.38,-8.20,-0.67,-0.38,0.87,-0.23
6.33,-7.11,-1.64,-0.06,0.32,-0.01
6.98,-6.53,-1.93,0.16,0.18,0.17
7.15,-6.34,-2.10,0.02,0.14,0.07
6.10,-5.73,-1.96,0.12,0.19,0.04
7.12,-6.34,-0.14,0.64,0.30,-0.26
8.18,-8.16,1.50,-0.11,-0.14,-0.17
7.24,-7.97,0.02,0.67,-0.13,-0.95
8.44,-5.20,-0.18,0.84,0.10,-0.96
10.20,-2.02,0.72,0.82,-0.07,-0.55
9.29,-1.39,1.00,0.45,-0.22,-0.19
9.92,-3.03,-0.57,0.37,-0.06,-0.18
8.41,-1.55,1.40,-0.12,-0.13,-1.03
11.52,0.94,1.45,-0.18,0.00,-0.36
6.96,6.39,2.20,0.39,-0.01,-0.57
8.47,2.87,1.47,0.26,-0.26,0.39
10.38,0.29,0.61,0.31,-0.06,0.56
9.90,-0.84,0.65,0.43,0.16,0.42
10.64,-0.98,1.09,0.09,-0.03,0.28
10.51,-0.45,1.13,0.31,-0.05,0.09
9.79,-0.34,1.33,0.31,-0.03,0.07
10.79,-1.74,0.33,0.08,-0.17,0.05
9.03,-0.61,0.45,-0.04,-0.05,-0.01
9.34,-0.34,1.53,-0.07,-0.04,0.38
13.40,-3.79,-1.45,-0.61,-0.46,0.24
9.02,-1.15,-2.23,0.40,0.26,-0.96
8.52,1.97,-0.76,0.41,0.14,-0.40
10.89,1.81,0.41,0.12,0.23,0.40
9.45,1.69,1.48,-0.39,-0.07,0.29
9.88,0.31,-0.30,-0.35,-0.30,0.25
10.37,-0.26,-1.13,-0.23,-0.06,0.28
10.21,-0.81,-0.65,0.22,0.29,0.33
10.31,-0.88,-0.31,0.21,0.07,-0.03
9.91,-0.93,0.25,0.45,0.18,0.08
9.90,-0.86,0.31,0.40,0.05,-0.01
10.27,-1.05,0.57,0.29,0.06,-0.02
10.23,-0.87,0.93,0.27,0.15,-0.01
9.86,-0.39,1.20,0.32,0.05,-0.10
10.13,-0.68,1.36,0.31,0.01,-0.06
10.29,-0.44,1.28,0.33,0.11,0.04
10.01,-0.68,1.89,0.22,0.21,0.15
9.84,-2.01,2.06,0.37,-0.16,1.23
9.51,-3.01,1.95,0.10,0.08,0.22
9.66,-3.46,1.76,0.10,-0.10,-0.19
9.58,-2.90,1.70,0.03,-0.06,-0.19
9.75,-2.66,1.88,0.24,0.02,-0.15
9.84,-1.88,2.04,0.36,-0.08,-0.17
9.85,-1.41,1.63,0.13,-0.15,-0.09
9.71,-1.78,1.62,-0.14,0.00,-0.07
10.06,-1.13,1.36,-0.09,0.04,-0.18
9.87,-1.05,1.30,-0.08,-0.07,0.04
10.12,-1.07,1.49,-0.08,0.06,-0.08
9.98,-0.93,1.58,0.05,0.22,-0.12
9.93,-0.81,1.86,0.18,0.09,-0.11
9.92,-0.17,1.78,0.21,-0.13,-0.22
10.06,-0.06,1.54,0.34,-0.08,-0.01
10.34,-0.27,1.38,0.16,-0.10,0.18
9.82,-0.22,1.40,-0.27,0.15,0.15
10.24,-0.62,1.53,-0.03,-0.07,0.10
10.12,-0.86,1.58,0.40,-0.01,0.06
10.05,-0.30,1.35,0.20,0.04,-0.17
EEPROM cleared.
9.82,0.42,1.58,0.02,0.02,-0.07
10.09,-0.32,1.47,0.13,-0.12,0.17
MPU6050 Found!
MAX_SAMPLES: 170
Resuming from sample #44
Send 'd' to dump, 'c' to clear.
=== EEPROM DUMP START ===
Samples stored: 44
ax,ay,az,gx,gy,gz
9.8186,0.4214,1.5826,0.0245,0.0165,-0.0653
10.0892,-0.3208,1.4676,0.1266,-0.1207,0.1735
10.2568,-0.1101,1.1779,0.2030,-0.1146,0.0514
10.1442,-0.0551,1.1372,0.1988,-0.0384,0.0650
10.7859,-1.7023,1.1875,0.3818,-0.0373,0.1282
9.2751,-1.2258,0.0934,-0.0120,0.0490,-0.0703
9.6391,-0.6345,0.3543,-0.5353,0.1340,0.1455
10.0916,1.0822,-0.1317,-0.3621,0.2134,-0.0490
8.7867,1.0678,1.1013,0.2531,0.5020,0.2038
8.2624,-0.8260,2.3966,0.5905,0.7139,0.5564
7.1299,-1.5538,4.8602,-0.5780,0.9377,0.3416
4.4628,-4.8315,2.5211,-1.7096,1.6510,0.4986
3.8020,-8.9495,2.7294,-2.4573,2.0294,0.7333
-0.2658,-12.8353,-1.3216,-2.7416,2.2068,1.7368
-2.0518,-9.6989,-2.0255,-1.8431,1.4501,0.0749
4.4077,-9.6941,-7.2616,-3.1059,0.7639,-0.6342
4.7956,-5.5474,-9.5385,-3.6327,0.4191,0.1684
0.2298,2.6145,-4.3479,-3.4400,1.2921,0.1719
3.0287,12.5887,-5.0326,-1.8698,1.4075,0.6328
5.9879,3.1819,0.3783,-0.7189,0.5233,1.7736
8.8011,4.9775,-1.5155,-0.7810,0.1274,0.8985
8.1211,5.0996,2.4493,0.6816,0.1332,-0.2206
11.6382,1.3408,-0.1628,0.3336,0.0754,0.3680
12.2607,5.3510,0.7446,0.4850,0.0562,1.3166
9.6486,-6.8738,0.2466,0.1132,-0.2422,2.2660
6.3925,-3.1412,-0.6153,-0.0530,0.3405,-0.1460
10.2711,-3.5985,-3.4524,-0.6747,-0.9713,0.4860
11.5041,-8.0373,-3.4453,0.1855,-0.2126,1.5950
6.1339,-6.0478,-0.6369,0.9036,0.0274,0.9411
5.1787,-5.3008,0.0359,-0.5974,0.5886,0.6499
5.8538,-6.7852,-0.5770,-0.4636,0.7485,0.0091
5.1116,-8.3103,-0.2227,0.0104,0.1756,0.2838
6.0310,-7.7141,-0.6297,0.2955,0.0632,0.0341
5.7796,-7.8961,-0.5674,0.2230,0.1295,-0.2662
6.7325,-7.4316,0.3017,0.3184,0.0648,-0.9028
8.1092,-5.4947,1.1612,0.1300,0.0789,-1.1442
7.9703,-3.2202,0.8260,-0.5260,0.5108,-0.2987
8.9280,-3.8882,0.8140,0.2078,0.0005,-0.1601
9.8210,-4.0031,0.6009,0.3701,-0.0637,-0.1319
9.1770,-3.6775,1.1037,-0.1223,-0.1772,-0.0077
9.5026,-3.7302,0.4405,-0.0877,0.0064,0.0581
9.5265,-2.8276,0.5507,-0.1450,0.0304,-0.2382
9.7420,-3.6488,0.8954,0.6110,0.2795,-0.3054
9.4954,-3.0885,-0.2538,-0.1620,0.0613,-0.0312
=== EEPROM DUMP END ===
10.01,-1.73,-0.28,0.02,-0.09,0.15
10.84,-3.13,-0.35,0.24,0.05,0.17
9.54,-2.85,-0.13,0.12,0.12,0.13
9.19,-2.99,-0.04,0.08,0.09,0.09
9.48,-2.82,0.26,0.21,0.12,-0.03
=== EEPROM DUMP START ===
Samples stored: 49
ax,ay,az,gx,gy,gz
9.8186,0.4214,1.5826,0.0245,0.0165,-0.0653
10.0892,-0.3208,1.4676,0.1266,-0.1207,0.1735
10.2568,-0.1101,1.1779,0.2030,-0.1146,0.0514
10.1442,-0.0551,1.1372,0.1988,-0.0384,0.0650
10.7859,-1.7023,1.1875,0.3818,-0.0373,0.1282
9.2751,-1.2258,0.0934,-0.0120,0.0490,-0.0703
9.6391,-0.6345,0.3543,-0.5353,0.1340,0.1455
10.0916,1.0822,-0.1317,-0.3621,0.2134,-0.0490
8.7867,1.0678,1.1013,0.2531,0.5020,0.2038
8.2624,-0.8260,2.3966,0.5905,0.7139,0.5564
7.1299,-1.5538,4.8602,-0.5780,0.9377,0.3416
4.4628,-4.8315,2.5211,-1.7096,1.6510,0.4986
3.8020,-8.9495,2.7294,-2.4573,2.0294,0.7333
-0.2658,-12.8353,-1.3216,-2.7416,2.2068,1.7368
-2.0518,-9.6989,-2.0255,-1.8431,1.4501,0.0749
4.4077,-9.6941,-7.2616,-3.1059,0.7639,-0.6342
4.7956,-5.5474,-9.5385,-3.6327,0.4191,0.1684
0.2298,2.6145,-4.3479,-3.4400,1.2921,0.1719
3.0287,12.5887,-5.0326,-1.8698,1.4075,0.6328
5.9879,3.1819,0.3783,-0.7189,0.5233,1.7736
8.8011,4.9775,-1.5155,-0.7810,0.1274,0.8985
8.1211,5.0996,2.4493,0.6816,0.1332,-0.2206
11.6382,1.3408,-0.1628,0.3336,0.0754,0.3680
12.2607,5.3510,0.7446,0.4850,0.0562,1.3166
9.6486,-6.8738,0.2466,0.1132,-0.2422,2.2660
6.3925,-3.1412,-0.6153,-0.0530,0.3405,-0.1460
10.2711,-3.5985,-3.4524,-0.6747,-0.9713,0.4860
11.5041,-8.0373,-3.4453,0.1855,-0.2126,1.5950
6.1339,-6.0478,-0.6369,0.9036,0.0274,0.9411
5.1787,-5.3008,0.0359,-0.5974,0.5886,0.6499
5.8538,-6.7852,-0.5770,-0.4636,0.7485,0.0091
5.1116,-8.3103,-0.2227,0.0104,0.1756,0.2838
6.0310,-7.7141,-0.6297,0.2955,0.0632,0.0341
5.7796,-7.8961,-0.5674,0.2230,0.1295,-0.2662
6.7325,-7.4316,0.3017,0.3184,0.0648,-0.9028
8.1092,-5.4947,1.1612,0.1300,0.0789,-1.1442
7.9703,-3.2202,0.8260,-0.5260,0.5108,-0.2987
8.9280,-3.8882,0.8140,0.2078,0.0005,-0.1601
9.8210,-4.0031,0.6009,0.3701,-0.0637,-0.1319
9.1770,-3.6775,1.1037,-0.1223,-0.1772,-0.0077
9.5026,-3.7302,0.4405,-0.0877,0.0064,0.0581
9.5265,-2.8276,0.5507,-0.1450,0.0304,-0.2382
9.7420,-3.6488,0.8954,0.6110,0.2795,-0.3054
9.4954,-3.0885,-0.2538,-0.1620,0.0613,-0.0312
10.0149,-1.7334,-0.2825,0.0181,-0.0850,0.1490
10.8433,-3.1292,-0.3543,0.2406,0.0493,0.1652
9.5409,-2.8467,-0.1293,0.1239,0.1175,0.1343
9.1866,-2.9856,-0.0383,0.0837,0.0927,0.0850
9.4786,-2.8204,0.2634,0.2121,0.1175,-0.0338
=== EEPROM DUMP END ===
9.45,-2.48,0.34,0.25,0.11,-0.04
9.78,-2.84,0.32,0.22,-0.05,0.05
9.58,-2.71,0.25,0.14,-0.03,0.22
9.82,-3.24,0.19,0.20,0.03,0.11
9.61,-3.07,0.36,0.18,-0.02,0.02
9.68,-2.90,0.43,0.17,0.04,0.07
9.55,-2.57,0.38,0.00,-0.15,-0.10
9.62,-2.96,0.53,0.16,-0.03,-0.00
9.33,-2.51,0.38,-0.11,-0.01,0.09
9.19,-2.55,0.64,0.13,0.13,-0.02
9.52,-3.10,0.76,0.12,-0.07,-0.02
9.63,-2.86,0.53,0.18,-0.06,0.03
9.76,-3.04,0.55,0.18,0.11,0.10
9.80,-2.97,0.81,0.29,-0.00,-0.22
9.81,-2.68,0.87,0.14,-0.03,-0.14
10.30,-2.44,0.64,0.24,0.10,-0.27
10.00,-2.18,1.37,-0.10,0.03,-0.03
9.93,-1.96,1.36,0.08,0.01,0.03
10.04,-2.00,1.39,0.10,0.06,0.06
9.47,-2.77,1.46,0.29,-0.20,0.18
9.84,-2.40,1.81,0.20,0.07,0.13
10.06,-2.18,1.91,1.03,0.16,-0.55
8.79,0.28,2.63,1.66,1.22,-0.86
9.46,1.92,2.80,0.08,-0.09,-0.08
10.66,0.76,3.30,0.13,-0.09,0.22
10.13,1.23,2.65,0.20,0.00,-0.01
8.86,0.65,3.42,0.13,-0.20,-0.12
10.04,0.77,2.77,0.12,0.09,0.06
9.29,1.51,2.98,0.07,-0.17,0.06
9.53,0.75,1.78,0.06,-0.08,0.24
9.78,0.05,1.65,-0.36,-0.34,0.11
9.63,0.35,1.48,-0.19,0.01,0.06
11.13,-0.80,1.25,-0.86,0.16,-0.01
10.48,-0.53,1.59,-0.12,-0.19,-0.02
10.03,-0.28,1.51,-0.02,-0.11,-0.10
10.43,-0.24,1.30,-0.12,0.30,-0.02
9.52,-0.93,1.40,0.33,-0.27,0.32
10.03,-1.31,1.07,0.07,-0.01,-0.01
10.20,-1.00,1.28,0.14,-0.00,-0.12
10.18,-0.33,1.23,0.23,0.05,-0.03
10.07,0.13,1.40,0.37,-0.34,0.56
10.39,-1.11,0.99,0.18,-0.12,0.44
9.44,-1.20,1.37,0.15,-0.07,0.21
9.82,-0.93,1.42,-0.07,0.12,-0.04
9.72,-1.81,2.30,-0.17,0.33,-0.20
9.98,-0.70,1.31,0.06,-0.07,-0.11
9.68,-1.21,1.59,0.08,0.06,-0.17
10.26,-0.98,1.22,0.09,-0.02,0.00
10.08,-0.92,1.26,0.14,-0.01,0.04
10.04,-0.94,1.40,0.10,0.00,0.03
10.07,-1.04,1.40,0.10,0.01,0.01
10.06,-1.17,1.44,0.15,0.03,-0.04
9.97,-0.98,1.41,0.15,-0.00,0.06
9.99,-1.01,1.53,0.15,0.01,-0.01
10.05,-1.02,1.52,0.18,-0.00,-0.01
10.02,-0.91,1.40,0.18,-0.01,-0.01
10.14,-1.00,1.35,0.17,-0.01,0.01
10.04,-0.98,1.40,0.16,0.01,0.01
10.07,-0.92,1.37,0.17,-0.01,0.01
10.03,-0.88,1.36,0.22,-0.02,0.02
10.28,-1.47,1.36,0.37,0.06,-0.19
9.80,-0.62,1.41,0.30,0.07,0.17
10.46,-1.66,1.61,-0.11,-0.21,0.10
9.96,-1.10,1.73,0.10,-0.03,0.09
10.01,-1.02,1.59,0.01,-0.02,0.05
9.99,-1.21,1.67,0.05,-0.08,0.01
10.02,-1.31,1.56,0.10,-0.00,0.05
10.00,-1.29,1.72,0.14,0.02,0.04
9.96,-1.18,1.64,0.09,0.00,0.03
9.99,-1.56,1.62,0.11,0.01,0.06
10.12,-1.51,1.64,0.02,-0.02,0.00
9.92,-1.40,1.74,0.13,-0.04,-0.02
10.01,-1.38,1.58,0.13,-0.02,0.01
9.98,-1.31,1.49,0.15,0.00,-0.09
10.04,-1.26,1.63,0.13,0.04,-0.03
10.01,-1.08,1.69,0.10,0.02,-0.04
10.03,-1.00,1.66,0.16,0.01,-0.06
10.03,-0.98,1.67,0.16,-0.00,-0.04
10.02,-1.07,1.57,0.12,-0.03,0.07
10.03,-0.97,1.49,0.17,-0.02,0.02
9.87,-0.85,1.52,0.05,-0.09,0.02
10.08,-1.12,0.88,0.16,-0.03,0.01
9.87,-1.35,0.96,0.11,-0.02,0.20
10.42,-1.88,0.86,0.13,-0.05,0.11
10.22,-1.61,0.99,0.22,0.10,0.01
9.87,-1.15,1.13,0.16,0.03,-0.11
10.35,-0.80,0.98,-0.21,-0.14,-0.66
10.14,0.11,0.54,0.16,-0.08,-0.09
9.90,0.16,0.69,-0.01,-0.07,0.04
10.00,0.01,0.75,0.14,0.01,-0.03
9.99,-0.07,0.68,-0.07,-0.07,-0.15
9.95,0.11,0.69,-0.01,-0.01,-0.05
10.08,-0.08,0.87,0.18,0.05,0.13
10.09,-0.22,0.78,0.12,-0.01,0.04
10.05,-0.46,0.82,0.14,0.00,0.00
10.17,-0.34,0.86,0.21,-0.01,-0.07
10.05,0.11,0.72,0.06,0.02,0.05
10.25,-0.36,0.52,0.16,-0.01,0.04
10.12,-0.66,0.60,0.09,0.02,0.03
9.99,-0.60,0.76,0.14,0.02,0.07
10.26,-0.52,0.78,0.15,-0.02,0.07
10.06,-0.78,0.59,0.16,0.02,-0.05
9.84,-0.12,0.66,0.18,0.03,-0.17
9.58,0.40,0.78,0.11,-0.00,-0.19
10.36,0.24,0.87,0.02,0.07,0.02
10.15,-0.27,0.80,0.13,0.02,0.04
10.06,-0.15,0.77,0.16,0.01,-0.02
10.12,-0.06,0.57,0.10,-0.01,0.03
10.06,-0.33,0.67,0.13,0.02,0.02
10.13,-0.34,0.72,0.17,-0.00,0.00
10.18,-0.34,0.68,0.18,-0.00,-0.02
10.07,-0.34,0.67,0.24,0.01,0.06
EEPROM cleared.
10.03,-0.27,0.70,0.16,-0.01,0.03
10.10,-0.32,0.65,0.19,-0.00,-0.03
10.08,-0.47,0.68,0.21,-0.00,0.12
10.08,-0.90,0.58,0.21,0.00,-0.04
10.07,-0.69,0.59,0.13,0.02,-0.01
10.11,-1.25,0.69,0.37,-0.04,0.25
10.01,-0.97,0.40,0.09,0.01,0.03
10.04,-0.94,0.58,0.14,0.02,-0.01
10.04,-1.00,0.55,0.13,-0.00,-0.02
10.11,-0.95,0.51,0.13,0.01,0.00
10.07,-0.92,0.59,0.15,0.01,-0.02
10.10,-0.86,0.52,0.18,-0.01,0.01
10.01,-0.90,0.58,0.15,0.01,0.00
10.07,-0.94,0.55,0.15,0.01,0.02
10.05,-0.90,0.58,0.16,0.01,0.02
10.07,-0.89,0.61,0.16,0.00,0.00
10.12,-1.01,0.57,0.15,-0.01,-0.02
10.04,-0.94,0.63,0.14,0.00,0.03
10.06,-0.97,0.62,0.13,0.00,0.00
10.13,-0.90,0.62,0.13,0.00,-0.01
10.07,-0.88,0.63,0.14,0.02,0.00
10.05,-0.85,0.65,0.11,0.01,0.00
10.17,0.07,0.46,-0.81,0.06,-0.04
10.78,-2.66,0.90,-1.05,0.11,0.10
10.19,-0.89,0.57,0.07,0.10,-0.10
10.04,-0.28,0.66,0.13,0.12,-0.07
10.00,-0.12,0.83,0.20,0.06,-0.03
10.06,0.05,0.70,0.03,0.01,0.05
10.06,-0.22,0.79,0.17,0.03,0.03
10.10,-0.39,0.77,0.20,0.00,0.06
10.15,-0.47,0.75,0.16,0.02,0.07
10.09,-0.46,0.75,0.18,-0.00,0.01
10.23,-0.90,0.87,0.57,0.07,-0.00
10.03,-0.14,1.02,0.44,0.12,-0.06
10.05,-0.11,1.11,0.29,0.03,-0.01
10.03,-0.09,1.21,0.17,0.02,0.00
10.10,0.00,1.20,0.27,0.01,-0.01
10.10,-0.22,1.20,0.29,0.02,0.01
10.11,-0.20,1.34,0.27,0.02,0.03
9.89,-0.03,1.35,0.37,0.02,0.02
10.10,-0.22,1.33,0.20,-0.01,0.02
10.07,-0.05,1.31,0.26,-0.03,0.01
10.13,-0.09,1.11,0.17,-0.03,0.01
10.13,-0.22,1.13,0.15,0.01,0.00
10.14,-0.19,1.15,0.16,-0.00,-0.01
10.18,-0.15,1.21,0.17,0.01,0.02
10.03,-0.17,1.17,0.14,0.01,-0.01
10.04,-0.24,1.21,0.21,-0.01,0.04
10.13,-0.32,1.15,0.37,0.02,-0.01
10.29,-0.41,1.13,0.80,0.07,-0.00
10.05,0.24,1.32,0.59,0.12,0.10
10.04,-0.07,1.34,0.13,-0.00,-0.01
10.18,-0.48,1.34,0.12,-0.03,0.01
10.16,-0.19,1.32,0.10,-0.00,-0.06
10.24,-0.15,1.34,0.15,0.01,-0.03
10.05,-0.21,1.47,0.14,0.00,0.05
10.05,-0.18,1.42,0.11,0.01,-0.01
10.07,-0.10,1.40,0.10,0.00,-0.06
10.17,-0.07,1.45,0.14,-0.00,0.01
10.04,-0.11,1.43,0.14,0.01,0.03
10.13,-0.05,1.40,0.13,0.02,0.02
10.04,-0.14,1.45,0.17,0.00,0.01
10.05,-0.12,1.43,0.13,-0.00,0.03
10.06,-0.19,1.48,0.14,-0.00,0.04
10.05,-0.29,1.46,0.14,-0.00,0.02
10.12,-0.23,1.47,0.13,0.01,0.01
10.05,-0.24,1.46,0.18,0.01,-0.01
10.16,-0.37,1.44,0.26,0.04,-0.08
9.53,1.92,2.24,1.93,1.10,-0.72
9.86,1.76,2.84,0.11,-0.03,0.01
9.80,1.93,2.86,0.11,-0.02,0.05
9.79,1.64,2.92,0.11,-0.01,0.02
9.84,1.59,2.97,0.13,0.01,0.04
9.73,1.54,2.98,0.09,-0.01,0.09
9.75,1.41,2.93,0.13,-0.02,0.05
9.78,1.39,2.94,0.15,0.01,0.03
9.78,1.40,2.89,0.15,-0.02,-0.01
9.76,1.40,2.94,0.21,-0.00,-0.04
10.39,0.64,2.71,0.27,0.01,0.07
9.92,1.29,2.70,0.15,0.02,-0.08
9.85,1.29,2.83,0.14,0.01,-0.04
9.79,1.22,2.82,0.15,0.00,0.00
9.14,2.44,2.59,-0.27,-0.22,0.49
9.61,1.49,2.01,0.17,0.02,-0.27
9.80,0.92,2.52,0.16,0.10,0.28
9.97,0.69,2.30,0.18,0.06,0.10
9.89,0.81,2.15,0.18,-0.02,0.09
9.99,0.73,2.21,0.15,-0.00,0.05
10.00,0.56,2.21,0.15,-0.02,0.07
10.01,0.34,2.12,0.13,-0.06,0.12
9.72,0.43,2.17,0.12,-0.08,0.45
10.05,-0.26,1.99,0.11,-0.04,0.02
10.03,-0.23,2.05,0.15,-0.01,0.01
10.10,-0.15,2.01,0.15,-0.00,0.02
10.01,-0.15,2.02,0.15,-0.01,0.01
9.96,-0.05,1.97,-0.09,-0.09,-0.10
9.79,-0.06,1.70,-0.19,-0.07,-0.05
9.89,1.90,1.62,-0.92,-0.16,0.07
11.04,-2.42,-0.71,-2.92,-1.11,-0.15
9.90,-0.05,-0.39,-0.07,0.07,0.00
9.84,-0.00,-0.36,-0.24,-0.09,0.01
9.96,-0.37,-0.30,0.27,0.04,0.13
10.13,-1.63,-0.29,3.36,0.38,0.79
9.70,-0.51,1.49,1.79,0.07,0.39
9.86,-2.42,1.71,0.24,-0.07,0.07
9.81,-2.68,1.44,-0.15,-0.10,0.09
9.72,-2.72,1.27,0.10,-0.00,0.02
9.75,-2.74,1.38,0.09,0.00,0.02
9.76,-2.62,1.28,0.03,-0.02,0.05
9.62,-2.84,1.22,-0.03,-0.02,0.00
9.75,-2.75,1.13,0.04,-0.01,0.00
9.71,-2.77,1.07,0.12,-0.00,0.01
9.75,-2.69,0.98,0.13,0.00,0.00
9.73,-2.82,1.12,0.13,0.01,0.02
9.71,-2.75,1.07,0.14,-0.00,0.01
9.81,-2.79,1.08,0.08,0.02,-0.05
9.83,-2.69,1.00,0.08,0.03,-0.05
9.89,-2.57,1.07,0.13,-0.01,-0.01
9.82,-2.50,1.05,0.15,0.01,0.00
9.84,-2.53,1.07,0.17,-0.00,-0.03
9.85,-2.34,1.10,0.14,0.01,-0.03
9.82,-2.31,1.16,0.14,0.00,-0.02
9.92,-2.15,1.17,0.14,0.01,0.01
9.88,-2.27,1.09,0.16,-0.00,0.04
9.84,-2.28,1.13,0.16,0.00,-0.01
9.84,-2.32,1.10,0.16,-0.02,-0.00
EEPROM cleared.
9.79,-2.38,1.11,0.15,0.01,0.02
MPU6050 Found!
MAX_SAMPLES: 170
Resuming from sample #45
Send 'd' to dump, 'c' to clear.
0.66,0.08,0.02,0.32,0.03,0.29
=== EEPROM DUMP START ===
Samples stored: 46
ax,ay,az,gx,gy,gz
9.7947,-2.3846,1.1109,0.1506,0.0109,0.0171
9.8354,-2.3774,1.1253,0.1402,0.0141,-0.0005
9.8497,-2.2362,0.9816,0.0477,0.0016,0.0008
11.7436,-1.6137,-2.9113,-3.6476,0.4924,0.2454
7.9152,-6.0478,-2.0734,-2.7400,0.3698,0.6787
11.0014,-1.2378,1.7023,0.1386,0.0197,0.2222
9.7085,0.6464,0.9984,0.9196,0.0442,-0.0935
9.4236,-0.8715,-0.5148,0.7400,0.2132,0.0397
16.4314,-7.6543,2.9975,0.1569,-0.5862,0.8130
5.8658,-6.8307,0.7302,-0.3293,-0.2401,0.2366
5.3199,-0.1077,0.5387,-0.1279,0.3733,-0.5833
9.3039,0.7901,2.2362,-0.0624,-0.4077,-0.4799
7.3023,4.4484,2.6959,0.0986,-0.5252,-0.6211
0.9553,2.3894,0.2873,1.5519,-1.9358,1.1402
5.7772,-13.2351,-3.6081,0.5345,-1.3358,0.6683
0.6871,-15.8975,-6.6176,0.3770,-0.6185,1.4997
-1.7837,-13.0484,-0.7111,0.9641,0.0943,-1.1373
0.9481,-11.5927,-0.6752,1.5180,-0.6744,-1.9175
1.3479,-3.2585,-2.3703,2.4008,-1.7347,-2.5937
9.9599,-0.2705,-5.0733,1.7182,-1.6161,-0.5931
7.0222,0.6129,-2.4229,0.6246,-0.6017,-0.5129
4.2018,-10.9223,-3.4141,0.3667,0.5207,1.7674
3.8978,-8.1523,-2.0638,0.1242,0.1700,-0.0141
4.9967,-7.4962,-1.7597,-0.5055,0.7330,0.1444
5.6838,-8.1068,-3.1460,-1.0869,1.2500,0.5215
5.5498,-8.1690,-1.1684,-0.8356,1.2521,-0.2550
12.0237,-7.9511,-1.0175,-0.6459,0.7821,0.4266
9.5624,-3.4189,-0.7685,-0.1495,0.2723,-0.3824
8.1954,-4.2593,0.0072,0.3059,-0.1279,0.3499
7.2808,-6.7756,-0.3280,0.3008,-0.3099,-0.0218
7.3167,-7.5346,-0.4405,0.0418,0.0703,0.0376
6.7971,-7.0054,-0.8188,-0.0408,0.0509,-0.0855
7.7548,-6.4859,-0.9864,-0.1740,-0.0128,-0.2262
7.8195,-5.3558,-1.6065,0.0842,-0.1825,0.1889
7.8243,-5.9807,-1.9225,0.0970,-0.2673,0.6957
6.9360,-7.0701,-2.7414,0.0461,0.0077,-0.0674
7.5226,-6.4979,-2.2386,-0.0626,0.1751,-0.0301
6.8714,-5.6982,-2.4301,-0.0658,0.2515,-0.3336
7.7979,-5.7174,-2.1811,0.1956,0.0999,0.0141
7.6926,-6.3494,-2.1931,0.2491,0.1199,0.0229
7.9344,-5.3941,-1.7262,0.2292,0.1196,-0.3230
8.2744,-4.3862,-1.1181,0.1884,0.1761,-0.0442
8.1858,-4.7740,-1.2115,0.4021,0.0714,-0.1015
8.8945,-4.4556,-0.6057,0.2185,0.2294,-0.4141
8.8729,-3.7613,-0.0575,0.1199,0.0863,-0.2142
0.6584,0.0814,0.0239,0.3160,0.0336,0.2936
=== EEPROM DUMP END ===
9.02,2.58,1.24,-0.13,0.03,-0.04
10.64,1.37,-0.54,0.63,-0.04,0.06
9.53,0.92,0.31,0.10,-0.00,0.23
10.11,0.31,0.07,0.22,-0.15,0.04
10.02,0.70,-0.26,0.30,-0.00,-0.01
9.72,0.59,0.07,0.23,-0.07,-0.04
9.94,0.57,-0.18,0.09,0.06,0.09
10.13,0.47,0.03,0.16,0.00,0.04
10.09,0.60,0.03,0.16,-0.00,0.04
10.12,0.22,-0.25,0.15,-0.03,0.17
10.10,-0.18,0.11,0.05,0.02,-0.01
10.24,-0.25,0.01,0.15,-0.00,0.01
10.10,-0.11,-0.08,0.17,-0.03,-0.01
10.06,-0.01,-0.27,0.19,-0.06,-0.03
10.07,-0.09,-0.34,0.16,-0.01,-0.02
9.99,-0.01,-0.22,0.10,0.01,-0.06
10.02,0.10,-0.15,0.15,0.00,-0.02
9.96,0.03,-0.09,0.10,0.02,-0.00
10.02,-0.01,-0.07,0.17,-0.01,-0.01
10.08,0.03,-0.13,0.13,0.00,0.03
9.99,-0.02,-0.16,0.12,-0.03,0.09
9.96,0.02,-0.14,0.08,-0.09,0.08
9.96,-0.01,-0.23,0.14,-0.02,-0.04
10.02,-0.04,-0.33,0.17,0.00,-0.06
10.01,0.00,-0.35,0.14,0.00,-0.03
9.97,0.20,-0.29,0.21,-0.02,-0.02
9.97,0.07,-0.29,0.19,0.00,-0.02
10.94,0.25,-0.84,0.30,-0.34,-0.50
9.82,0.63,-0.55,-0.09,0.07,0.08
9.96,0.67,-0.38,0.22,0.03,0.06
9.95,0.72,-0.44,0.25,0.03,-0.06
9.09,1.46,-0.29,-0.10,-0.27,-0.33
9.28,2.64,-0.03,-0.14,0.18,-0.71
9.37,2.10,0.07,0.23,-0.22,0.88
10.66,0.98,-0.66,0.53,0.35,-0.04
9.88,1.20,-0.10,0.10,-0.06,0.14
9.66,1.44,0.01,-0.13,-0.05,0.25
10.02,1.22,0.06,0.16,0.01,0.05
9.99,1.05,-0.17,0.17,-0.07,-0.01
9.95,1.00,-0.27,0.09,-0.01,-0.00
10.00,1.02,-0.11,0.11,-0.01,0.02
9.96,1.06,-0.05,0.16,0.03,0.00
9.92,0.88,-0.17,0.10,-0.03,0.18
9.95,1.09,-0.33,0.09,0.00,0.03
10.05,0.94,-0.16,0.17,0.01,-0.01
9.96,0.94,-0.17,0.17,0.02,0.01
10.02,0.77,-0.14,0.16,-0.01,0.03
10.02,0.79,-0.16,0.15,0.00,0.01
10.00,0.77,-0.17,0.17,0.01,0.01
10.00,0.74,-0.27,0.16,-0.01,0.06
9.96,0.71,-0.26,0.17,0.01,-0.00
9.96,0.69,-0.23,0.16,0.01,0.02
9.97,0.76,-0.23,0.16,-0.01,-0.01
10.01,0.69,-0.25,0.16,0.00,0.06
10.00,0.59,-0.23,0.14,0.01,0.02
10.01,0.66,-0.25,0.15,0.01,0.06
9.99,0.64,-0.22,0.15,-0.00,0.02
9.99,0.58,-0.22,0.14,0.01,0.01
10.00,0.50,-0.18,0.15,-0.00,0.02
10.06,0.58,-0.23,0.16,0.00,0.01
10.00,0.56,-0.17,0.13,0.01,0.01
10.04,0.61,-0.16,0.14,0.01,0.02
10.03,0.54,-0.17,0.15,0.00,0.01
9.98,0.55,-0.15,0.15,0.01,0.01
9.99,0.54,-0.15,0.16,0.00,0.01
10.03,0.61,-0.17,0.14,0.00,0.01
9.98,0.62,-0.17,0.16,-0.00,0.00
9.98,0.62,-0.19,0.14,0.00,-0.01
10.00,0.67,-0.22,0.16,-0.01,-0.00
10.00,0.65,-0.19,0.14,-0.00,0.00
10.01,0.64,-0.21,0.15,0.01,0.01
9.96,0.66,-0.14,0.13,0.01,0.02
10.04,0.61,-0.20,0.16,0.00,0.01
10.00,0.64,-0.20,0.18,-0.01,0.01
10.01,0.62,-0.25,0.17,-0.00,0.01
10.01,0.58,-0.29,0.17,-0.00,0.02
10.05,0.63,-0.27,0.16,0.01,0.00
10.02,0.57,-0.25,0.16,0.01,0.01
9.98,0.59,-0.25,0.17,-0.00,-0.00
10.03,0.59,-0.30,0.16,-0.01,-0.00
10.03,0.54,-0.31,0.09,-0.03,0.02
10.01,0.66,-0.35,0.13,0.00,-0.00
10.00,0.60,-0.32,0.13,0.01,0.01
9.98,0.66,-0.30,0.18,0.00,0.01
10.02,0.68,-0.34,0.35,-0.01,-0.05
9.96,0.77,-0.34,0.29,0.03,-0.07
9.96,0.99,-0.27,0.23,-0.01,0.05
9.91,0.68,-0.36,0.08,0.01,0.06
10.00,0.76,-0.28,0.02,-0.01,0.06
9.99,0.57,-0.29,0.01,-0.02,0.08
10.01,0.58,-0.33,0.11,-0.02,0.01
10.00,0.53,-0.36,0.14,0.01,-0.01
10.06,0.59,-0.31,0.39,0.22,-0.21
9.86,1.30,0.15,0.25,0.03,0.02
9.98,0.92,0.11,0.15,-0.04,0.08
9.98,0.85,0.01,0.13,-0.04,0.03
9.97,0.82,-0.13,0.11,-0.02,0.03
9.98,0.84,-0.26,0.12,-0.03,0.06
9.94,0.78,-0.24,0.06,-0.04,0.08
9.97,0.23,-0.27,0.01,-0.01,0.04
9.93,0.51,-0.33,0.10,0.02,0.06
9.97,0.43,-0.25,0.12,-0.00,0.07
10.05,0.22,-0.34,0.03,-0.07,0.14
10.04,0.03,-0.47,0.17,-0.05,0.14
9.96,-0.16,-0.52,0.17,0.01,-0.06
9.93,0.13,-0.53,0.18,0.00,0.00
9.94,0.09,-0.55,0.18,0.03,-0.03
10.00,0.15,-0.50,0.12,0.02,-0.02
10.01,0.18,-0.44,0.15,0.00,-0.00
9.95,0.23,-0.45,0.15,0.01,-0.02
10.01,0.23,-0.49,0.14,0.00,-0.01
10.04,0.22,-0.51,0.15,-0.01,0.01
10.03,0.18,-0.50,0.15,0.02,-0.03
10.00,0.39,-0.45,0.17,0.02,-0.00
9.96,0.29,-0.38,0.14,0.01,0.02
10.05,0.24,-0.38,0.13,-0.00,0.01
10.00,0.26,-0.41,0.16,0.00,0.03
9.99,0.31,-0.40,0.14,0.00,0.01
10.03,0.38,-0.38,0.16,0.00,-0.01
10.03,0.23,-0.44,0.15,0.01,0.01
9.98,0.25,-0.38,0.14,0.00,0.03
10.05,0.27,-0.38,0.16,0.00,0.01
10.01,0.27,-0.38,0.15,0.00,-0.00
>>> EEPROM FULL - recording stopped <<<
10.00,0.24,-0.43,0.14,0.00,-0.00
10.01,0.28,-0.40,0.15,-0.00,0.02
9.99,0.26,-0.40,0.14,0.01,0.01
10.01,0.26,-0.41,0.14,-0.00,0.01
9.99,0.30,-0.41,0.14,0.02,0.02
9.98,0.28,-0.39,0.15,0.01,0.02
10.01,0.21,-0.39,0.14,0.01,0.01
MPU6050 Found!
0,0.01
6.13,-8.41,1.19,-0.18,-1.03,-0.68
4.14,-9.03,-0.12,0.65,0.30,0.16
,-0.51,0.05,0.82,0.22,0.55
2.65,-6.80,5.01,0.65,1.70,0.01
6.13,-8.41,1.19,-0.18,-1.03,-0.68
4.14,-9.03,-0.12,0.65,0.30,0.16
MPU6050 Found!
MAX_SAMPLES: 170
Resuming from sample #170
Send 'd' to dump, 'c' to clear.
0.07,-0.74,0.05,-0.04,0.68,0.22
1.26,-9.20,1.13,1.37,0.43,-0.40
6.11,-9.53,2.31,0.37,-0.48,0.69
2.48,-9.89,2.53,-0.04,-1.20,1.49
-3.74,-9.51,3.03,0.62,-0.26,0.02
5.58,-10.04,-8.09,-0.32,4.37,0.08
-5.16,-5.59,5.61,-0.02,-0.88,0.33
-4.20,-7.35,0.15,-0.49,0.13,0.72
-7.67,-15.48,1.83,0.45,0.76,1.80
-12.01,-2.87,2.11,-0.00,-2.56,-4.63
-2.88,-11.19,5.95,-3.13,-4.52,4.56
-2.87,-8.44,13.79,-1.49,-1.34,2.16
-10.29,-5.39,1.38,1.18,0.17,1.47
-6.79,-0.58,0.87,1.46,0.18,-1.30
-6.56,-5.25,-7.51,1.95,0.31,-0.40
-9.76,-8.30,-0.40,-2.33,-2.03,1.96
-8.91,-6.55,-0.20,-0.64,-0.09,0.04
-7.25,-4.04,2.75,0.41,0.62,0.02
-9.02,-5.28,3.90,-0.46,-0.27,0.71
-11.39,-3.63,4.26,0.78,0.94,-0.87
-9.44,-2.68,3.71,0.54,-0.02,-0.07
-8.96,-3.68,2.54,-0.18,-0.47,0.67
-8.64,-6.98,-1.67,-0.03,-0.07,0.39
-9.08,-3.33,1.31,0.50,0.11,0.00
-9.13,-6.86,2.20,0.02,0.56,-1.15
-7.61,-3.31,1.13,0.25,-0.92,1.32
-9.24,-3.76,3.13,0.38,0.26,-0.24
-8.74,-3.55,1.69,1.11,-0.08,-0.04
-8.56,-6.43,0.64,2.47,1.07,-1.83
-7.87,-5.20,2.09,5.47,1.24,-1.65
-5.88,-5.69,6.13,-0.80,-1.13,0.72
-3.88,-5.01,8.15,-0.63,0.36,0.32
-7.37,-6.89,8.33,-0.07,-1.96,2.09
-6.86,-3.92,3.69,-3.81,-2.70,2.65
-4.99,-4.46,7.79,0.59,0.61,-0.45
-4.69,-4.02,6.91,1.45,0.71,-1.90
-6.62,-4.48,7.47,0.79,0.39,-0.84
-4.11,-5.37,8.45,0.75,0.91,-0.40
-2.89,-6.81,7.76,0.00,1.89,-2.32
-4.80,-6.03,7.16,1.34,0.02,-0.33
-6.09,-7.29,8.71,0.51,0.65,-0.41
-3.25,-5.84,7.43,-0.06,-0.63,0.18
-4.19,-5.90,6.78,-0.36,-0.57,0.99
-3.72,-6.28,5.75,-0.70,-0.05,0.31
-5.83,-6.83,6.61,-0.11,-0.80,0.40
-3.11,-6.15,7.45,0.43,1.23,-1.32
-6.96,-6.53,6.16,0.58,-1.08,0.87
-2.60,-5.53,6.94,-1.20,-1.71,-0.48
-2.63,-6.10,8.59,-0.50,-0.90,0.66
-1.71,-6.22,8.39,0.53,-0.80,-0.32
-0.12,-6.24,8.62,0.27,0.01,-0.79
-1.35,-5.56,9.14,0.04,0.05,1.39
-3.38,-6.02,8.58,0.12,-1.52,1.40
-0.96,-5.63,9.21,0.07,0.06,0.11
-0.65,-5.80,9.13,0.30,0.14,-0.03
-0.84,-5.83,9.06,0.32,-0.02,-0.08
0.62,-6.04,9.48,0.37,1.01,0.33
-1.87,-2.91,9.06,1.71,0.34,0.34
0.08,1.54,9.84,2.03,-2.36,-0.24
0.95,3.27,10.29,0.57,0.29,-0.91
1.50,4.69,9.32,1.34,-0.64,0.01
4.18,6.34,8.25,0.98,-0.88,-0.34
3.30,6.43,5.74,-0.20,-0.48,-0.15
4.65,5.91,2.11,-0.56,0.93,1.68
7.13,4.98,7.15,-0.35,-0.11,0.77
6.82,2.68,6.29,0.93,-0.26,0.86
3.84,2.37,7.50,-1.28,-1.27,1.77
7.88,-0.70,7.30,-1.96,-1.39,0.72
9.44,-0.88,5.20,-0.65,-0.52,-0.24
9.51,-1.76,4.66,-0.46,0.36,-0.36
8.56,-2.45,4.89,-1.19,-0.03,0.26
6.50,-1.06,3.34,-1.67,0.53,0.92
5.21,-8.11,3.45,0.11,0.50,0.24
6.76,-6.70,4.05,-0.31,-0.05,-0.07
6.10,-10.05,-1.78,-0.23,0.75,0.84
5.69,-6.22,4.27,0.34,0.54,-0.63
2.00,-10.21,-1.01,0.03,0.20,-0.08
3.29,-10.96,-1.09,0.04,-0.43,0.47
3.94,-10.14,0.23,-0.03,-0.12,0.09
4.98,-10.16,0.12,0.07,-0.62,-0.64
4.91,-9.56,0.80,0.14,-0.12,-0.12
2.33,-9.37,0.64,0.16,-0.07,-0.05
4.06,-9.06,0.19,0.15,0.00,0.03
4.16,-9.04,0.41,0.14,0.00,0.02
4.21,-9.04,0.44,0.14,0.00,0.01
4.03,-9.06,0.58,0.13,0.01,0.01
4.18,-8.94,0.62,0.15,-0.01,-0.06
3.86,-9.09,0.68,0.19,-0.16,-0.04
4.74,-8.84,0.18,0.12,-0.09,-0.05
6.91,-8.70,-0.34,0.18,0.14,0.15
4.17,-8.88,0.45,0.14,0.01,0.02
4.35,-9.00,0.34,0.14,0.00,0.01
4.30,-9.01,0.39,0.15,0.00,0.01
4.26,-9.05,0.47,0.15,-0.00,0.01
4.31,-9.02,0.43,0.15,0.00,0.01
4.32,-8.98,0.31,0.14,0.00,0.01
4.31,-9.04,0.38,0.14,-0.00,0.01
4.34,-9.04,0.40,0.15,0.00,0.01
4.27,-8.99,0.44,0.15,0.00,0.02
4.32,-9.05,0.45,0.14,-0.00,0.01
4.27,-8.92,1.03,0.27,-0.08,0.13
4.53,-9.20,-0.28,0.19,0.01,0.10
4.51,-8.83,0.10,0.20,0.03,0.07
4.42,-8.75,0.48,0.15,0.01,0.04
4.14,-9.07,0.39,0.14,-0.02,0.01
4.32,-9.08,0.42,0.12,0.00,0.02
3.45,-10.39,0.37,0.11,-0.16,0.03
2.94,-9.65,0.91,0.21,-0.14,0.20
4.60,-8.93,1.31,0.35,-0.05,0.18
4.36,-8.87,-0.20,0.17,-0.03,0.04
4.25,-8.99,0.13,0.15,0.02,0.01
4.31,-9.04,0.37,0.14,-0.00,-0.00
4.23,-9.09,0.35,0.14,0.00,0.01
4.27,-9.08,0.40,0.16,0.01,0.03
4.46,-8.66,-0.28,0.12,-0.01,-0.12
3.83,-10.31,0.51,0.10,0.04,-0.13
3.72,-8.97,1.42,0.11,-0.02,0.09
4.13,-9.18,0.26,0.13,0.00,0.07
4.37,-9.04,0.23,0.14,0.00,0.03
4.34,-9.02,0.60,0.15,0.00,0.01
4.22,-9.08,0.59,0.14,0.00,0.02
4.28,-8.99,0.33,0.15,0.00,0.01
4.32,-8.91,0.37,0.15,-0.00,0.01
4.28,-9.06,0.41,0.15,-0.00,0.00
4.24,-9.03,0.45,0.14,-0.00,0.01
4.32,-9.08,0.29,0.15,0.00,0.01
4.37,-8.98,0.34,0.14,0.00,0.01
4.35,-9.00,0.40,0.14,-0.00,-0.00
4.31,-9.00,0.40,0.14,-0.00,-0.00
4.32,-9.08,0.37,0.15,0.00,0.01
4.33,-9.06,0.21,0.15,0.00,0.00
4.33,-9.07,0.34,0.13,0.00,0.01
4.22,-9.05,0.41,0.14,-0.00,0.01
4.33,-9.03,0.40,0.14,-0.00,0.00
4.34,-9.00,0.37,0.14,-0.00,-0.00
4.26,-8.98,0.43,0.14,0.00,0.00
4.36,-8.99,0.39,0.14,0.00,0.02
4.39,-8.98,0.41,0.15,0.00,0.02
4.36,-8.97,0.42,0.15,0.00,0.01
4.34,-8.98,0.31,0.15,0.00,0.01
4.29,-9.01,0.38,0.14,-0.00,0.00
4.17,-9.07,0.49,0.14,-0.00,0.00
4.23,-9.10,0.50,0.14,-0.00,0.01
4.31,-8.97,0.47,0.14,0.00,0.01
4.60,-8.86,0.02,0.14,0.02,-0.00
4.41,-8.92,0.32,0.15,0.01,0.02
4.30,-8.93,0.40,0.14,0.00,0.02
4.26,-9.03,0.40,0.14,0.00,0.02
4.23,-9.09,0.43,0.15,0.00,0.01
4.23,-9.05,0.47,0.14,0.00,0.01
4.26,-9.04,0.41,0.14,-0.00,0.01
4.32,-9.05,0.40,0.15,0.00,0.01
4.31,-9.00,0.38,0.15,0.00,0.01
3.26,-9.57,1.07,0.19,-0.14,0.08
3.83,-9.23,0.78,0.16,-0.07,0.08
4.24,-9.20,0.13,0.15,0.01,0.02
4.43,-9.02,0.11,0.16,0.01,-0.00
4.45,-8.92,0.19,0.15,-0.00,-0.01
4.30,-8.93,0.27,0.13,-0.00,-0.01
4.23,-8.92,0.48,0.13,-0.01,0.00
4.24,-9.02,0.52,0.14,-0.00,0.01
4.31,-9.02,0.49,0.14,-0.00,0.01
4.37,-8.97,0.50,0.15,0.00,0.01
4.35,-8.99,0.42,0.15,0.00,0.01
4.33,-8.98,0.38,0.15,0.00,0.01
4.54,-8.96,0.87,0.12,-0.03,0.01
4.26,-9.07,0.29,0.14,-0.00,0.01
4.31,-9.00,0.39,0.15,0.00,0.01
4.32,-9.00,0.42,0.14,0.00,0.01
4.30,-9.01,0.40,0.15,0.00,0.01
4.32,-9.00,0.39,0.14,0.00,0.00
4.40,-8.92,0.50,0.15,0.00,0.01
4.37,-8.92,0.40,0.14,0.00,0.01
4.39,-8.94,0.38,0.15,0.01,0.01
4.30,-8.97,0.43,0.14,0.00,0.02
4.29,-9.02,0.33,0.15,0.00,0.02
4.30,-8.97,0.38,0.14,0.00,0.01
4.32,-8.98,0.34,0.14,0.00,0.01
4.45,-8.94,0.34,0.14,-0.00,0.00
4.32,-8.95,0.40,0.14,0.00,0.01
4.37,-8.96,0.47,0.14,0.00,0.01
4.22,-9.01,0.51,0.14,0.00,0.02
4.31,-9.02,0.41,0.14,0.00,0.01
4.27,-9.07,0.38,0.14,0.00,0.01
4.27,-9.07,0.41,0.14,-0.00,0.01
4.37,-9.03,0.40,0.14,-0.00,0.01
4.31,-9.02,0.40,0.14,0.00,0.01
4.29,-9.00,0.44,0.15,0.00,0.01
4.23,-9.09,0.40,0.15,-0.00,0.01
4.33,-9.05,0.40,0.14,-0.00,0.00
4.28,-9.03,0.27,0.14,0.00,0.01
4.18,-9.01,0.42,0.14,0.00,0.02
4.28,-9.06,0.39,0.13,-0.01,0.01
4.29,-9.11,0.34,0.14,-0.00,0.00
4.29,-9.04,0.38,0.15,-0.00,0.00
4.25,-9.04,0.44,0.14,-0.00,0.01
4.29,-8.98,0.51,0.14,-0.00,0.01
4.30,-9.03,0.34,0.14,-0.00,0.01
4.36,-9.03,0.38,0.14,-0.00,0.01
4.36,-9.00,0.36,0.14,-0.00,0.01
4.30,-9.03,0.42,0.14,0.00,0.01
4.28,-9.05,0.42,0.14,-0.00,0.01
4.29,-8.98,0.48,0.13,-0.00,0.01
4.40,-8.99,0.38,0.14,0.00,0.01
4.32,-8.99,0.42,0.14,0.00,0.02
4.30,-8.99,0.39,0.14,-0.00,0.01
4.67,-9.03,0.60,0.13,-0.01,0.00
4.27,-8.99,0.55,0.15,0.01,0.02
4.26,-8.99,0.48,0.14,0.00,0.02
4.38,-8.99,0.39,0.15,0.00,0.01
4.41,-8.95,0.43,0.15,0.00,0.01
4.30,-9.00,0.35,0.14,0.00,0.01
4.25,-9.05,0.34,0.14,0.00,0.01
4.35,-9.02,0.35,0.14,0.00,0.01
4.44,-8.94,0.39,0.15,0.00,0.01
4.41,-8.94,0.40,0.14,0.00,0.00
4.39,-8.95,0.30,0.14,0.00,0.00
4.31,-8.96,0.40,0.14,-0.00,0.01
4.28,-9.03,0.39,0.14,-0.01,0.00
4.37,-9.03,0.35,0.15,-0.00,-0.00
4.32,-9.01,0.34,0.15,-0.00,-0.01
4.31,-8.95,0.38,0.15,0.00,0.00
4.31,-8.95,0.47,0.16,0.01,0.01
4.23,-8.95,0.55,0.14,0.00,0.03
4.19,-9.09,0.53,0.12,-0.00,0.03
4.20,-9.12,0.49,0.14,-0.00,0.02
4.33,-9.04,0.46,0.14,0.00,0.01
4.41,-9.00,0.38,0.15,0.01,0.00
4.39,-8.92,0.40,0.15,0.01,0.01
6.91,-17.19,-10.83,-0.98,-1.34,1.51
2.37,-5.06,0.68,0.75,0.48,0.12
-3.60,-13.80,-5.92,0.23,1.12,-0.82
2.04,-9.95,-2.99,-0.49,0.22,0.23
4.15,-7.13,0.34,-0.70,1.12,-1.38
6.03,-4.73,-0.27,-1.00,0.14,-0.82
8.65,-7.29,-2.71,-0.83,-0.76,0.30
7.76,-7.33,-2.70,-0.51,1.17,1.21
5.26,-8.41,-2.31,-0.17,0.20,0.40
5.26,-9.45,-2.41,-1.11,1.25,0.04
4.85,-9.18,-0.29,-0.07,1.74,1.27
3.37,-8.99,-0.41,-1.08,-0.29,-0.33
1.97,-7.69,-1.19,-0.44,0.29,0.16
1.73,-7.22,-1.75,-0.55,0.49,0.02
3.16,-9.59,-1.79,0.65,-0.13,0.31
3.20,-6.26,-3.65,0.63,0.13,-0.34
0.36,-13.42,-1.46,-0.15,0.10,0.35
1.17,-9.23,-1.93,0.26,-0.12,-0.17
-0.05,-7.96,-0.74,0.00,0.03,0.21
2.94,-8.37,-1.52,0.07,0.18,-0.45
2.13,-11.44,-1.64,0.57,0.60,0.10
1.71,-10.67,-0.90,0.05,-0.31,0.65
1.96,-9.12,-0.89,-0.46,0.47,0.40
2.36,-9.71,-1.15,0.00,-0.00,0.30
1.62,-9.54,-1.29,0.38,0.18,-0.24
2.23,-9.08,-0.55,0.19,0.02,-0.29
2.61,-9.75,-0.45,0.11,0.02,-0.19
2.92,-9.75,-0.86,0.06,-0.08,-0.21
3.61,-8.33,-1.04,-0.09,-0.13,-0.25
3.65,-8.03,-1.54,0.12,-0.03,-0.05
3.51,-9.61,-1.82,0.08,0.01,0.08
3.58,-9.12,-1.96,0.06,0.05,-0.02
3.54,-8.56,-1.74,0.13,0.08,0.05
3.62,-9.05,-1.91,0.14,0.05,-0.01
3.81,-8.82,-1.75,0.13,0.10,-0.13
3.85,-8.82,-1.66,0.13,0.08,-0.03
3.99,-8.57,-1.69,0.12,0.07,-0.01
3.96,-8.77,-1.67,0.17,0.05,0.06
3.97,-8.79,-1.57,0.14,0.08,-0.02
4.04,-8.90,-1.50,0.14,0.05,0.01
4.07,-8.83,-1.44,0.17,0.03,0.02
4.07,-8.73,-1.16,0.19,0.06,-0.04
4.25,-8.79,-1.25,0.14,0.02,-0.06
4.47,-8.61,-1.25,0.15,0.06,-0.14
4.47,-8.76,-1.35,0.18,0.03,0.07
4.47,-8.82,-1.08,0.17,0.17,-0.02
4.69,-8.54,-0.84,0.12,0.25,-0.00
4.51,-9.01,-0.46,0.30,0.15,0.08
4.82,-8.38,-0.49,0.17,0.04,-0.10
4.69,-8.68,-0.44,0.16,0.05,0.06
4.50,-8.94,-0.23,0.13,0.15,0.02
4.79,-9.01,-0.18,0.10,0.14,-0.01
4.87,-8.94,0.10,0.21,0.14,-0.09
5.00,-8.48,0.38,0.06,0.16,-0.10
5.03,-8.35,0.38,0.13,0.03,0.14
4.97,-8.87,0.30,0.10,0.04,-0.04
5.06,-8.54,0.07,-0.01,-0.06,-0.12
5.18,-8.61,-0.21,0.02,0.03,-0.10
4.99,-8.99,-0.40,0.09,0.03,0.14
4.91,-8.70,-0.55,0.17,-0.01,-0.03
4.98,-8.61,-0.36,0.18,0.05,-0.01
4.91,-8.79,0.26,0.19,0.03,0.23
5.30,-8.36,0.32,-0.08,0.07,-0.03
5.39,-8.57,-0.40,-0.56,0.37,-0.11
5.99,-7.97,-1.76,-0.11,0.23,-0.33
6.09,-7.82,-1.62,-0.02,0.18,-0.32
6.63,-6.43,-1.65,0.04,0.06,-0.34
7.02,-5.21,-1.19,0.10,0.08,-0.17
7.84,-5.93,-1.30,0.27,0.04,-0.13
7.53,-5.51,-0.70,0.25,0.16,-0.25
8.31,-5.56,-0.84,0.12,0.16,-0.30
8.35,-4.69,-0.25,-0.36,0.30,-0.71
9.46,-4.61,-0.37,-0.10,-0.34,0.16
9.11,-5.15,-1.82,0.14,-0.59,0.52
7.97,-5.46,-2.88,0.01,-0.38,0.26
6.77,-5.59,-2.68,0.27,-0.06,0.41
6.49,-7.14,-2.95,0.47,-0.06,0.47
6.10,-7.72,-2.88,0.20,-0.06,0.12
5.69,-7.63,-2.64,0.15,0.01,0.06
5.61,-7.09,-2.49,0.20,-0.01,0.03
5.68,-7.44,-2.38,0.29,0.04,0.03
5.79,-8.04,-2.24,0.29,0.02,0.20
5.51,-8.12,-2.06,0.17,-0.00,0.07
5.73,-7.59,-1.95,0.10,0.07,-0.18
5.73,-7.51,-2.03,0.17,-0.01,-0.09
6.35,-7.33,-1.86,0.31,0.04,0.01
6.03,-7.56,-1.58,0.30,0.03,-0.15
6.55,-7.50,-1.26,0.31,0.05,-0.22
6.53,-7.03,-1.20,0.10,-0.01,0.08
6.34,-7.38,-1.53,-0.11,-0.36,0.30
5.51,-7.79,-2.33,-0.14,-0.19,0.27
5.33,-7.91,-2.59,0.50,0.08,0.26
5.12,-8.11,-2.18,0.24,0.08,0.06
4.85,-8.23,-2.18,0.05,0.05,-0.05
5.07,-8.02,-2.03,-0.00,0.13,-0.16
5.54,-7.94,-2.24,0.06,0.07,-0.15
5.77,-7.45,-2.16,0.03,0.05,-0.09
5.83,-7.28,-2.21,0.17,0.02,0.02
5.90,-7.55,-2.26,0.16,0.01,-0.04
6.02,-7.45,-2.37,0.14,-0.00,-0.09
6.07,-7.18,-2.36,0.15,-0.00,-0.03
6.12,-7.31,-2.16,0.20,0.01,0.06
6.14,-7.37,-2.27,0.09,-0.00,-0.01
6.02,-7.29,-2.20,0.15,0.07,-0.07
6.14,-7.26,-1.99,0.16,0.04,0.01
MPU6050 Found!
.03,-0.00
6.41,-7.02,-2.11,0.13,0.02,-0.01
6.52,-6.93,-2.21,0.12,0.01,0.01
0.44,-0.14,0.14,0.01,0.03
6.48,-7.12,-2.16,0.15,0.03,-0.00
6.41,-7.02,-2.11,0.13,0.02,-0.01
6.52,-6.93,-2.21,0.12,0.01,0.01
MPU6050 Found!
MAX_SAMPLES: 170
Resuming from sample #170
Send 'd' to dump, 'c' to clear.
0.41,-0.43,-0.14,0.17,0.01,0.02
6.57,-7.01,-2.17,0.15,-0.00,0.00
6.53,-6.97,-2.26,0.16,-0.02,0.04
6.51,-6.98,-2.26,0.14,-0.02,0.01
6.48,-7.00,-2.21,0.17,0.02,-0.00
6.53,-7.00,-2.13,0.15,0.03,-0.01
6.57,-6.98,-2.12,0.15,0.00,-0.02
6.60,-7.00,-2.25,0.14,-0.02,0.03
6.51,-6.96,-2.25,0.15,0.00,0.05
6.44,-7.09,-2.13,0.14,0.04,0.00
6.47,-7.08,-1.97,0.14,0.02,0.01
6.56,-7.08,-2.12,0.14,-0.00,0.01
6.62,-6.90,-1.92,0.13,0.01,0.03
6.60,-6.95,-2.00,0.15,-0.03,0.01
6.60,-6.90,-2.32,0.15,-0.02,0.01
6.69,-7.17,-1.92,0.16,0.09,0.00
EEPROM cleared.
6.58,-6.88,-1.87,0.16,-0.01,0.00
MPU6050 Found!
MAX_SAMPLES: 170
Resuming from sample #46
Send 'd' to dump, 'c' to clear.
=== EEPROM DUMP START ===
Samples stored: 46
ax,ay,az,gx,gy,gz
6.5817,-6.8809,-1.8651,0.1596,-0.0051,0.0037
6.6942,-7.0557,-1.9800,0.1500,-0.0032,0.0112
6.8091,-7.0701,-2.2936,0.0906,0.0005,0.0013
8.1762,-7.9296,-4.7812,-0.0488,0.6933,-0.0125
7.6614,-7.4412,-3.2226,-0.4522,1.1197,-0.3429
7.4508,-5.7820,0.9673,-1.4099,0.8002,-1.1157
8.3055,-2.4780,0.6225,-0.9201,0.3952,-0.7147
9.3158,-0.7685,-0.0551,0.4061,0.0549,-0.2779
7.7788,-3.0837,-0.8835,0.3992,0.4863,-0.7149
8.4108,-2.2649,0.6847,1.1887,0.1260,0.0690
9.0046,-1.7454,-0.9026,1.5306,-0.2475,-0.0288
9.6031,-2.2889,0.1030,1.3544,-0.1583,0.2793
10.1155,-1.9680,2.9856,0.0887,0.1458,0.2316
6.3087,-9.0644,0.1772,1.1884,-0.8186,-1.3251
6.5912,-1.2498,4.4005,3.2719,0.1897,-0.3728
9.1291,-5.8562,-0.5291,3.1669,-1.7813,0.3832
9.5074,-0.4381,0.4932,2.1794,-0.8300,-0.2012
9.9096,-2.0183,-1.2498,1.3912,-0.3064,0.2577
9.8904,-0.3280,-0.7590,0.4458,-0.2012,-0.2046
9.1099,-2.4852,-1.8124,0.3808,0.0949,-0.0048
8.9878,-2.9113,1.1109,-1.3811,0.4836,-0.0741
9.4164,-1.0295,0.6488,-1.9721,0.4684,0.1532
7.3358,-3.5769,-1.7837,-1.3251,0.4098,0.3800
8.3869,-3.1867,-0.4956,-1.1026,0.6153,0.4623
10.9032,-5.1427,-0.5578,0.2126,-0.0610,0.6757
9.9264,-8.3199,-0.4669,-0.1767,-0.0067,0.2454
7.5537,-4.4125,0.6632,-0.3928,0.1447,0.1924
5.9209,-3.9433,-0.5555,-0.2958,-0.1980,0.3238
4.0797,-7.2760,-2.3415,-0.0813,-0.2443,0.4191
7.4747,-8.8729,-2.0925,0.1018,0.1575,0.5143
6.1746,-9.0908,-1.9465,-0.0296,0.1591,0.0554
6.9288,-6.8977,-0.8475,0.1719,0.4032,-0.5271
9.0118,-6.4979,-1.1516,0.0573,0.0853,-0.3587
8.5353,-5.8706,-1.1899,0.0722,0.0946,-0.0911
7.7357,-5.8203,-0.5531,0.3528,0.0442,0.0131
8.2648,-6.1770,-0.5435,0.3381,-0.1228,0.0783
7.5369,-5.5522,0.1963,0.3459,0.0903,0.0173
8.0373,-6.7181,0.2682,0.0586,0.0056,0.1298
7.7117,-6.4620,0.1173,0.1386,-0.0490,0.0546
7.5513,-7.0294,-0.5602,0.1876,-0.1516,0.0037
7.7548,-5.7652,-0.2682,0.2614,0.0552,-0.1591
7.9368,-6.1507,0.1532,0.1428,0.1479,-0.1681
8.3318,-5.7964,0.1053,0.0858,0.0072,-0.3046
8.9232,-5.4277,0.3065,0.1282,0.2718,-0.5566
9.1842,-4.2329,0.8715,0.3706,0.1956,-0.6923
9.7636,-2.4660,1.4653,0.5332,0.2004,-0.6438
=== EEPROM DUMP END ===
9.89,0.01,2.77,0.24,0.06,0.09
9.91,-0.03,2.66,0.13,-0.05,-0.07
10.09,0.17,2.34,0.06,-0.07,0.02
9.90,0.10,2.36,-0.20,-0.06,0.05
10.08,-0.54,2.35,-0.13,-0.05,0.07
9.78,-0.28,2.35,-0.30,-0.06,0.31
10.39,-1.56,1.84,-0.58,-0.20,0.13
9.91,-1.56,1.52,0.07,-0.03,0.11
9.98,-1.90,1.33,0.24,-0.06,0.30
10.15,-2.39,1.61,0.49,0.14,-0.01
9.68,-1.37,2.25,0.96,0.16,-0.08
9.90,-1.18,2.33,0.22,-0.07,-0.15
9.87,-1.16,2.53,0.26,0.07,-0.08
9.92,-0.88,2.57,0.08,-0.01,-0.01
10.01,-1.75,2.84,1.02,-0.25,-0.15
10.03,0.14,1.76,0.72,-0.12,-0.02
9.90,-0.13,1.71,0.15,0.01,0.04
10.08,-0.55,2.26,-0.03,0.05,0.10
9.96,-0.43,2.08,-0.12,-0.03,-0.03
10.15,-0.48,2.00,-0.51,-0.06,-0.24
10.13,-0.17,1.59,-0.86,-0.18,-0.02
10.41,-0.41,1.35,-0.05,0.05,-0.45
9.90,0.96,1.61,0.30,0.09,-0.20
10.02,1.37,1.95,0.23,0.13,-0.17
9.87,1.59,1.94,-0.30,-0.09,-0.21
9.82,2.05,1.98,-0.04,0.01,-0.30
9.80,2.27,2.01,0.08,0.02,0.01
9.78,2.16,1.99,0.29,0.04,0.11
9.80,2.04,2.11,0.15,0.01,0.13
9.90,2.01,2.00,0.01,0.04,0.08
10.02,1.52,2.23,0.20,-0.00,0.14
9.91,1.29,2.11,0.12,-0.02,0.07
9.86,1.48,2.12,0.02,-0.02,0.01
9.84,1.47,2.14,0.19,0.03,0.01
9.89,1.44,2.23,-0.04,-0.07,0.05
10.04,1.11,1.98,-0.51,-0.20,0.13
9.54,1.00,1.47,-1.76,-0.32,0.26
10.27,-0.39,1.13,-0.89,-0.33,0.09
9.95,-0.48,0.97,-0.03,-0.10,0.05
10.27,-0.52,0.75,1.38,0.23,-0.01
9.81,0.40,1.46,1.07,0.17,-0.03
9.84,0.17,1.61,0.44,-0.02,0.07
10.16,0.29,1.06,0.55,0.00,0.05
9.90,-0.29,1.22,0.82,0.27,0.22
10.07,-0.35,1.91,0.64,0.01,0.12
9.95,-0.52,1.84,0.21,-0.10,0.05
10.26,-0.85,1.47,0.00,-0.07,0.06
10.10,-0.81,1.62,0.15,0.01,0.04
10.06,-0.85,1.79,0.23,0.04,-0.03
9.95,-0.45,1.64,0.22,-0.03,-0.05
10.25,-0.69,1.52,0.17,0.01,-0.08
10.13,-0.33,1.36,0.30,0.01,-0.28
9.61,0.41,2.21,0.43,0.17,-0.25
9.94,1.22,1.79,0.29,-0.07,0.15
9.97,0.40,1.22,-0.02,-0.30,0.85
9.45,-1.68,0.63,0.01,-0.17,1.11
9.82,-4.26,-0.15,-0.14,-0.12,0.94
11.52,-4.73,0.51,0.17,0.50,0.55
8.16,-6.57,0.85,0.05,0.29,0.67
7.99,-7.24,1.09,-0.19,0.08,0.36
6.48,-5.72,0.87,-0.11,0.16,0.12
5.09,-4.81,2.14,-0.11,0.21,0.29
7.33,-8.22,0.58,-0.12,-0.24,0.62
5.40,-8.11,-1.05,-0.68,0.07,0.20
5.21,-7.97,-2.74,-0.57,-0.02,0.10
5.42,-7.68,-2.62,0.17,0.06,0.26
4.87,-8.41,-2.39,0.45,-0.08,-0.05
5.05,-7.97,-1.87,0.18,-0.03,-0.07
5.19,-8.21,-1.94,0.19,-0.02,-0.02
5.55,-8.03,-2.12,0.08,0.03,-0.23
5.92,-7.39,-2.18,0.02,0.14,-0.34
6.18,-6.91,-2.10,0.20,0.12,0.14
6.50,-7.66,-1.85,0.07,0.14,0.20
6.21,-7.93,-1.73,0.13,0.21,0.12
5.97,-7.75,-1.40,0.08,0.23,-0.02
6.12,-7.63,-1.24,0.16,0.14,-0.03
6.29,-7.44,-1.04,0.20,0.07,-0.07
6.40,-7.36,-0.92,0.15,0.07,-0.05
6.51,-7.37,-0.93,0.16,0.00,-0.03
6.67,-7.47,-0.98,0.19,-0.00,0.01
6.44,-7.47,-0.99,0.17,-0.01,-0.01
6.66,-7.28,-0.99,0.22,0.07,0.03
6.32,-7.11,-0.42,0.21,0.07,0.02
6.46,-7.46,-0.70,0.15,-0.06,0.18
6.26,-7.62,-0.43,0.20,0.05,0.10
6.49,-8.08,-0.66,0.18,0.10,-0.03
7.06,-8.05,-0.07,0.36,0.26,-0.45
7.41,-6.42,0.68,0.40,0.18,-0.66
7.58,-5.60,1.05,0.32,-0.08,-0.25
7.48,-5.71,0.87,0.30,-0.40,0.58
7.41,-7.28,0.19,0.22,-0.65,0.48
6.35,-7.60,-0.04,0.40,-0.60,0.42
6.19,-8.40,-0.67,0.41,-0.30,0.37
4.79,-8.54,-0.72,0.34,-0.38,0.41
4.54,-8.95,-0.79,0.28,-0.12,0.26
3.73,-9.31,-0.31,0.67,-0.14,0.60
2.81,-9.76,0.54,0.27,0.01,0.33
2.18,-9.72,0.70,0.42,0.11,0.30
1.51,-10.03,1.30,0.19,0.06,-0.07
1.18,-9.76,1.65,0.26,-0.04,0.09
1.44,-9.48,1.56,0.14,-0.04,0.08
0.99,-9.71,1.62,0.09,0.04,0.41
0.36,-10.41,1.23,0.08,0.02,0.12
0.25,-9.97,1.05,0.00,0.16,-0.03
0.30,-9.69,0.85,-0.00,0.18,0.10
0.14,-9.78,0.91,0.29,0.07,0.44
-0.17,-9.92,1.17,0.26,0.05,-0.01
-0.39,-9.52,1.14,0.05,0.06,-0.17
-0.54,-9.95,1.05,0.25,0.01,-0.02
-0.41,-9.90,1.26,0.15,0.06,0.00
-0.33,-9.84,1.13,0.10,0.00,-0.01
0.06,-9.93,1.19,0.12,-0.05,-0.17
-0.16,-9.48,0.87,-0.01,-0.01,-0.09
0.41,-10.70,1.05,-0.00,-0.10,-0.16
1.42,-8.55,0.10,-0.09,-0.08,-0.14
1.26,-9.43,0.01,0.15,-0.30,-0.56
1.03,-10.44,-0.00,0.13,-0.16,0.42
1.09,-11.33,0.01,0.16,-0.36,-0.41
2.44,-9.63,-0.04,0.26,-0.47,-0.94
4.13,-8.78,-0.24,0.42,-0.12,-0.83
6.34,-9.09,0.12,0.28,0.27,-1.28
7.28,-6.57,1.37,0.02,0.46,-0.67
7.67,-5.87,1.69,-0.14,0.18,-0.28
>>> EEPROM FULL - recording stopped <<<
8.55,-5.24,1.60,-0.12,0.15,-0.10
8.42,-6.02,1.02,-0.43,0.03,-0.05
8.46,-5.30,0.92,-0.24,0.15,0.00
8.95,-5.68,0.57,-0.06,0.19,-0.06
8.56,-5.02,0.90,0.01,0.53,-0.49
8.47,-4.27,1.64,-0.05,0.40,0.02
9.20,-4.98,2.02,0.19,0.13,0.09
8.67,-4.33,2.12,0.13,-0.08,0.12
9.07,-4.92,1.83,-0.09,-0.14,0.22
9.11,-4.09,0.96,-0.41,-0.11,0.16
8.81,-5.80,0.28,-0.56,-0.03,0.12
8.59,-5.81,0.13,0.28,-0.12,0.07
7.94,-5.32,0.06,0.23,-0.26,0.04
7.40,-6.20,-0.47,0.26,-0.29,0.39
7.34,-6.02,-1.10,-0.12,-0.36,0.18
6.12,-7.06,-2.04,0.42,-0.81,0.93
5.65,-7.71,-2.47,0.14,-0.14,0.16
5.07,-8.07,-2.29,0.19,-0.11,0.14
4.19,-7.65,-2.27,-0.09,-0.35,0.25
4.07,-8.07,-3.47,-0.02,-0.35,0.04
3.42,-8.09,-4.05,-0.20,-0.24,0.21
2.87,-7.74,-4.57,0.01,-0.12,0.27
2.00,-8.64,-6.03,-1.25,0.31,0.96
2.74,-5.71,-7.69,0.50,0.72,0.69
2.88,-5.43,-5.23,0.23,0.44,0.46
0.30,-10.13,-1.93,1.11,1.21,5.94
-4.81,-5.43,-2.11,-1.81,-2.17,-0.90
-7.65,-5.60,-4.57,-1.32,-3.79,-0.41
-6.83,-2.57,-6.94,-1.04,0.78,-0.93
-7.00,-5.73,-4.09,0.58,-2.86,-2.45
-5.66,-4.54,-2.62,-0.39,0.99,-0.13
-8.73,-3.81,-0.85,0.48,-3.89,1.56
-16.41,-1.16,5.03,-1.01,-1.37,1.53
-9.40,-1.18,0.70,0.21,-0.14,-0.06
-9.82,-0.93,0.82,0.19,-0.10,0.05
-9.61,-0.90,0.95,0.15,-0.01,0.01
-9.60,-0.96,0.90,0.14,-0.01,0.01
-9.58,-1.06,0.93,0.15,-0.01,0.01
-9.57,-1.04,0.93,0.15,-0.01,0.01
-9.59,-0.98,0.98,0.15,-0.00,0.01
-9.58,-1.02,0.95,0.15,-0.00,0.01
-9.57,-1.03,0.96,0.15,-0.00,0.01
-9.59,-1.00,0.99,0.15,-0.00,0.01
-9.58,-0.99,1.01,0.15,-0.00,0.01
-9.59,-0.99,1.06,0.15,-0.00,0.01
-9.57,-1.01,1.04,0.15,-0.00,0.01
-9.58,-1.04,1.02,0.14,-0.00,0.01
-9.59,-1.02,0.99,0.15,-0.00,0.01
-9.57,-1.01,1.00,0.15,-0.00,0.01
-9.59,-0.99,1.04,0.15,-0.00,0.01
-9.57,-1.07,1.03,0.15,-0.00,0.01
-9.59,-1.08,0.99,0.14,-0.00,0.01
-9.57,-1.05,1.05,0.15,-0.00,0.01
-9.55,-1.05,1.12,0.15,-0.01,0.01
-9.58,-1.07,1.09,0.14,-0.00,0.01
-9.58,-1.06,1.02,0.15,-0.00,0.01
-9.58,-0.95,1.06,0.15,-0.00,0.01
-9.58,-1.00,1.05,0.15,-0.00,0.01
-9.56,-1.04,1.10,0.15,-0.00,0.01
-9.58,-1.00,1.01,0.15,0.00,0.01
-9.55,-1.03,1.04,0.14,0.00,0.01
-9.58,-1.00,1.10,0.15,0.00,0.01
-9.62,-1.06,1.12,0.14,0.00,0.01
-9.70,-0.98,1.17,0.14,0.00,0.01
-9.60,-1.05,1.07,0.15,0.00,0.01
-9.57,-1.07,1.08,0.15,0.00,0.01
-9.61,-1.03,1.11,0.15,-0.00,0.01
-9.59,-1.02,1.07,0.14,0.00,0.01
-9.59,-0.99,1.12,0.14,0.00,0.01
-9.57,-1.02,1.15,0.15,0.00,0.01
-9.66,-1.04,1.07,0.15,0.00,0.02
-9.60,-1.07,1.04,0.15,-0.00,0.01
-9.60,-1.03,1.05,0.14,0.00,0.01
-9.60,-1.00,1.08,0.14,0.00,0.01
-9.60,-0.98,1.12,0.15,0.00,0.01
-9.57,-1.01,1.15,0.15,0.00,0.01
-9.58,-1.04,1.17,0.15,0.00,0.01
-9.59,-1.04,1.16,0.15,0.00,0.01
-9.60,-1.04,1.12,0.15,0.00,0.01
-9.57,-1.03,1.21,0.15,-0.00,0.01
-9.59,-1.03,1.21,0.15,0.00,0.01
-9.58,-1.02,1.17,0.15,-0.00,0.01
-9.57,-1.02,1.19,0.15,-0.00,0.01
-9.60,-1.02,1.13,0.14,0.00,0.01
-9.59,-1.04,1.11,0.14,0.00,0.01
-9.90,-0.99,1.12,0.15,-0.01,0.03
-9.62,-1.00,1.13,0.15,-0.00,0.01
-9.56,-0.98,1.11,0.15,-0.00,0.01
-9.57,-1.02,1.12,0.14,0.00,0.01
-9.57,-1.00,1.23,0.14,0.00,0.01
-9.60,-0.99,1.23,0.14,0.00,0.01
-9.57,-1.05,1.19,0.14,-0.00,0.01
-9.56,-1.06,1.14,0.14,-0.00,0.01
-9.58,-1.04,1.18,0.15,0.00,0.01
-9.59,-1.05,1.15,0.15,0.00,0.01
-9.59,-1.08,1.16,0.15,-0.00,0.01
-9.58,-1.05,1.16,0.15,0.00,0.01
-9.61,-0.98,1.14,0.14,0.00,0.01
-9.58,-1.05,1.21,0.14,0.00,0.01
-9.56,-1.05,1.22,0.15,-0.00,0.01
-9.57,-1.05,1.22,0.15,0.00,0.01
-9.59,-1.10,1.19,0.15,-0.00,0.01
-9.59,-0.97,1.20,0.15,-0.00,0.01
-9.56,-1.02,1.14,0.14,-0.00,0.01
-9.57,-1.04,1.16,0.14,0.00,0.01
-9.62,-1.00,1.27,0.14,0.00,0.01
-9.50,-0.66,1.26,0.00,0.01,0.08
-9.77,-2.29,0.48,0.06,0.22,-0.08
-9.70,-0.69,0.23,0.13,0.01,-0.05
-9.54,-1.00,1.29,0.16,-0.02,0.03
-9.56,-1.05,1.20,0.14,0.00,0.01
-9.59,-1.05,1.19,0.15,-0.00,0.01
-9.58,-1.04,1.24,0.14,0.00,0.01
-9.56,-1.07,1.23,0.14,0.00,0.01
-9.58,-1.06,1.25,0.14,-0.00,0.01
-9.57,-1.05,1.23,0.15,0.00,0.01
-9.58,-1.03,1.22,0.15,0.00,0.01
-9.60,-1.04,1.23,0.15,0.00,0.01
-9.59,-1.07,1.22,0.14,-0.00,0.01
-9.58,-1.05,1.21,0.14,0.00,0.01
-9.56,-1.06,1.24,0.14,0.00,0.01
-9.60,-1.05,1.24,0.15,0.00,0.01
-9.57,-1.03,1.19,0.14,0.00,0.01
-9.86,-0.41,4.81,0.42,-0.30,0.15
-11.68,-1.46,2.01,-1.27,1.18,-1.82
-7.83,-4.50,0.36,0.93,1.05,-1.23
-5.19,-5.54,-1.53,0.15,1.32,-0.78
-2.55,-7.85,-4.69,2.26,1.51,0.52
-8.17,-2.97,-2.75,-1.22,1.90,0.59
-2.63,-9.58,-7.31,0.84,0.49,-1.56
3.41,-7.97,-3.17,0.11,1.44,-0.60
4.84,-5.08,-2.42,0.33,1.27,0.65
5.84,-5.61,-1.38,1.62,0.94,0.15
11.44,-7.10,-6.51,0.12,0.51,0.98
13.03,-6.57,-1.89,0.45,-0.12,-0.19
8.20,-3.95,1.55,0.11,-0.19,-0.57
9.46,-1.43,1.90,0.49,0.18,-0.02
8.37,-5.45,0.25,0.33,0.19,-0.19
9.22,-6.76,1.34,0.53,0.01,0.26
7.67,-5.65,3.99,1.13,-0.03,-0.46
7.15,-2.74,4.08,0.29,0.02,0.15
8.25,-4.15,5.27,-0.37,-1.85,0.01
7.91,-7.92,-0.14,-0.86,0.46,0.37
8.35,-7.30,0.24,-0.61,-0.02,0.42
11.58,-2.04,3.57,0.16,-0.29,0.41
8.15,-5.08,1.03,-0.10,0.06,-1.12
10.59,0.90,0.76,0.29,0.20,-0.43
9.45,-2.48,-0.10,0.02,0.31,-0.31
9.90,-3.78,-0.17,0.15,0.18,-0.07
9.60,-1.76,1.07,0.43,0.20,-0.66
9.25,-0.55,1.49,0.23,-0.14,-0.22
10.03,-0.99,1.06,0.16,-0.14,-0.04
9.90,-0.33,1.13,0.07,-0.13,-0.11
9.93,-0.23,0.37,0.08,-0.20,0.00
9.88,-0.99,0.19,0.20,-0.05,0.09
10.02,-0.57,0.53,0.24,-0.03,-0.08
9.91,-0.70,0.73,0.27,0.08,-0.02
9.91,-0.59,0.57,0.08,-0.12,-0.04
9.70,0.43,0.72,0.13,-0.05,-0.36
10.50,0.22,0.04,0.01,-0.07,-0.27
9.62,1.24,0.41,0.19,0.04,-0.07
10.62,0.02,0.14,0.10,-0.13,0.21
9.96,0.78,0.26,0.20,0.04,-0.18
10.17,1.00,-0.22,0.16,-0.08,-0.36
9.92,1.61,-0.28,0.19,-0.05,-0.09
10.37,1.24,-0.34,0.14,-0.03,0.01
10.01,1.47,-0.26,0.04,-0.04,0.02
9.98,0.70,-0.38,0.24,0.01,0.35
9.97,0.47,-0.46,0.30,-0.02,0.01
10.04,0.84,0.50,-0.02,0.26,-0.01
10.04,-0.08,0.65,0.22,-0.01,0.16
9.79,0.75,0.60,0.26,-0.01,0.11
10.24,-0.32,0.59,0.10,0.05,0.21
10.16,-0.68,0.83,0.22,0.02,0.07
10.31,-0.54,1.01,0.16,0.10,-0.02
10.11,-0.96,0.97,0.27,-0.01,0.08
10.09,-0.53,0.94,0.20,0.05,-0.12
9.99,-0.05,0.96,0.15,-0.11,-0.15
9.89,-0.27,0.75,0.31,0.04,-0.07
9.99,-0.03,0.72,0.10,-0.08,0.13
10.01,-0.08,0.74,-0.03,-0.06,-0.06
10.13,-0.17,0.75,0.11,-0.05,0.18
9.88,0.38,0.78,0.22,0.02,-0.08
10.02,-0.00,0.68,0.07,-0.03,-0.04
10.03,-0.32,0.95,0.14,0.09,0.13
10.15,-0.18,0.56,0.17,-0.04,0.00
10.26,-0.21,0.53,0.22,-0.04,0.08
10.06,-0.25,0.59,0.12,-0.02,0.09
10.12,-0.48,0.49,0.09,-0.00,0.04
10.08,-0.43,0.58,0.15,-0.02,0.03
10.09,-0.37,0.55,0.18,-0.01,0.00
10.11,-0.39,0.45,0.17,-0.00,-0.02
10.09,-0.37,0.45,0.16,-0.01,0.01
10.07,-0.36,0.45,0.15,0.02,0.00
10.01,-0.45,0.50,0.22,0.01,0.03
10.09,-0.53,0.59,0.17,-0.01,-0.01
10.10,-0.44,0.54,0.15,-0.02,-0.04
10.01,-0.31,0.53,0.15,-0.01,0.01
10.15,-0.49,0.42,0.11,-0.02,-0.01
10.07,-0.28,0.41,0.15,-0.01,-0.02
10.08,-0.36,0.42,0.15,-0.01,0.01
10.05,-0.33,0.41,0.13,0.01,0.03
10.11,-0.26,0.46,0.15,0.01,-0.06
10.07,-0.33,0.46,0.13,0.01,0.04
10.08,-0.35,0.43,0.15,0.01,0.00
10.08,-0.30,0.48,0.15,-0.00,0.01
10.11,-0.28,0.47,0.15,-0.00,0.04
10.01,-0.38,0.40,0.15,-0.02,0.05
10.08,-0.46,0.42,0.15,-0.01,0.04
10.09,-0.52,0.35,0.13,-0.02,0.04
10.05,-0.61,0.34,0.13,-0.03,0.04
10.09,-0.67,0.29,0.16,0.00,-0.00
10.09,-0.52,0.33,0.15,0.01,-0.04
10.10,-0.56,0.32,0.16,0.01,0.02
10.06,-0.57,0.32,0.13,0.01,0.01
10.05,-0.63,0.28,0.15,-0.00,0.03
10.03,-0.61,0.31,0.14,0.01,0.02
10.07,-0.64,0.28,0.15,0.00,-0.00
10.04,-0.72,0.33,0.18,-0.00,0.08
10.12,-0.65,0.27,0.13,-0.02,-0.02
10.07,-0.57,0.24,0.13,-0.01,-0.01
10.07,-0.57,0.27,0.18,-0.01,-0.02
MPU6050 Found!
0.01,0.01
9.94,-0.38,-0.12,0.09,0.04,0.05
9.98,-0.31,-0.18,0.15,0.02,-0.02
0.02,-0.02,0.16,0.02,0.02
10.05,-0.16,-0.34,0.15,0.01,0.01
9.94,-0.38,-0.12,0.09,0.04,0.05
9.98,-0.31,-0.18,0.15,0.02,-0.02
MPU6050 Found!
MAX_SAMPLES: 170
Resuming from sample #170
Send 'd' to dump, 'c' to clear.
0.63,-0.02,-0.02,0.12,0.03,0.01
10.02,-0.28,-0.22,0.15,0.00,0.00
10.00,-0.27,-0.22,0.12,0.01,0.04
9.97,-0.24,-0.24,0.17,-0.01,-0.03
10.05,-0.25,-0.21,0.17,-0.00,-0.01
10.08,-0.24,-0.23,0.15,-0.02,0.01
10.09,-0.20,-0.25,0.18,-0.02,0.00
10.17,-0.21,-0.41,0.23,0.04,0.04
9.99,-0.30,-0.19,0.24,0.02,0.05
10.01,-1.02,-0.27,0.28,0.06,0.15
10.21,-0.53,-0.13,0.14,0.00,-0.09
10.20,-0.70,-0.01,0.14,0.01,0.10
EEPROM cleared.
10.28,-0.98,-0.20,0.35,0.07,0.12
10.00,-0.17,-0.30,0.21,-0.11,-0.11
9.96,-0.44,0.06,-0.05,0.06,-0.10
10.10,-0.32,0.05,0.15,-0.00,-0.01
10.09,-0.32,-0.02,0.16,0.00,0.01
10.02,-0.19,0.10,0.12,0.01,0.12
9.99,-0.58,0.01,0.41,0.03,0.11
9.96,-0.96,0.08,0.16,0.05,0.04
9.99,-0.55,0.26,0.05,0.03,-0.07
10.06,-0.67,0.22,0.15,-0.01,0.05
10.03,-0.80,0.30,0.11,0.02,0.00
10.06,-0.69,0.18,0.15,-0.02,0.02
EEPROM cleared.
10.01,-0.76,0.10,0.14,0.01,0.03
MPU6050 Found!
MAX_SAMPLES: 170
Resuming from sample #47
Send 'd' to dump, 'c' to clear.
0.67,-0.07,-0.07,0.59,0.03,-0.51
10.12,-0.66,-0.43,0.40,0.00,0.06
10.95,-2.86,0.04,-0.03,-0.01,-0.16
10.36,-3.18,0.43,0.01,-0.06,-0.35
9.48,-0.26,1.15,-0.05,0.11,0.15
=== EEPROM DUMP START ===
Samples stored: 52
ax,ay,az,gx,gy,gz
10.0102,-0.7638,0.0958,0.1412,0.0061,0.0325
10.0006,-0.7015,0.1676,0.1255,-0.0059,-0.0056
10.0197,-0.7015,0.1844,0.1540,0.0080,0.0301
10.6829,-6.0741,0.4046,3.6052,0.0544,0.2441
7.5729,-1.2186,2.8060,2.8296,-0.3136,0.4016
13.3812,-1.1468,-0.3112,1.7744,-0.5033,0.2699
15.5192,-4.4029,2.8347,1.3992,-0.7152,-0.0525
7.7788,-1.6903,-0.6800,0.9276,0.0679,0.2817
7.0797,-2.1931,-1.3910,1.1556,-0.3893,0.3549
6.7109,-2.6839,1.4437,0.6494,-0.0266,0.5788
7.1611,-7.2257,-0.2849,0.1687,-0.2990,1.1575
5.6814,-6.8522,-1.6807,-0.0472,-0.0821,0.8215
7.1323,-7.2520,-1.9225,0.1897,-0.1106,1.2199
-2.0925,-6.2704,-1.6664,0.3182,-1.0768,3.9311
-10.0628,-6.8139,1.2282,1.3038,-1.0056,6.4231
-4.8554,-0.2658,0.7278,1.2950,-0.7416,4.5754
-4.7118,5.1906,2.2122,-0.0136,-1.0565,3.3710
-0.7015,15.2152,4.0534,1.0096,-0.0871,4.6951
-2.6767,-7.7405,-2.1859,-0.4077,-0.4676,2.9865
11.9135,-4.8028,-6.4356,0.0000,-0.5902,2.5610
7.2377,-7.3263,-6.1387,-1.3065,0.5820,1.2497
7.2592,-13.0891,-8.9902,-4.1813,1.6150,0.9729
1.6975,-3.1771,-1.8435,-3.7550,1.6574,-0.1751
16.8552,-0.5866,-2.7031,-1.2577,0.2518,0.0909
5.0709,-3.6823,-2.8922,-0.5231,0.9753,0.7631
14.8656,-10.3382,3.6631,-1.0301,-0.1913,0.0221
3.1771,6.3829,-0.1030,-0.2571,0.3717,-1.7317
27.4687,3.9385,4.7812,0.5289,-0.7536,0.6768
7.0078,-6.7732,-1.2977,1.0293,-1.1197,0.9321
6.2082,-6.3039,-0.0718,1.7555,-0.8804,0.3371
9.2273,-8.8083,2.3750,1.3464,-0.7669,0.6531
6.3734,-7.4053,0.3400,0.7671,-0.7314,0.1974
7.1994,-8.4683,-0.9002,0.6286,-0.1684,0.2398
7.3526,-8.5617,-1.3384,0.7189,-0.4271,0.7970
4.9967,-7.8243,-0.8428,0.2411,0.1298,0.8484
4.9105,-8.9232,-0.2993,-0.0277,0.6534,0.3139
5.2146,-7.9966,0.5818,0.1681,0.6694,-0.0554
6.1172,-8.9783,0.7542,0.2105,0.7213,0.0195
5.0470,-8.0182,3.7972,0.3088,1.2550,-0.0021
4.9895,-8.1618,4.5370,-0.0775,0.5782,-0.0256
5.0470,-9.0166,3.9624,-0.4567,0.2390,-0.0160
4.0965,-8.8873,2.9975,0.1010,-0.1567,-0.1284
4.6543,-9.1004,2.3032,0.1343,-0.2955,-0.0783
4.4436,-8.8490,1.3623,0.0245,-0.2851,-0.0925
4.8339,-8.5521,0.4357,-0.6331,-0.1721,-0.6246
6.0789,-7.3981,-1.0511,0.0168,-0.0589,-1.4043
7.1084,-5.8945,0.1149,0.3123,-0.0035,-0.6270
0.6656,-0.0742,-0.0718,0.5891,0.0341,-0.5087
10.1155,-0.6560,-0.4262,0.4021,0.0045,0.0648
10.9463,-2.8635,0.0383,-0.0285,-0.0053,-0.1567
10.3621,-3.1819,0.4286,0.0075,-0.0560,-0.3451
9.4786,-0.2610,1.1468,-0.0522,0.1069,0.1516
=== EEPROM DUMP END ===
8.65,0.32,-0.74,0.39,0.15,-0.48
10.41,-1.54,0.11,0.20,0.11,0.07
9.45,-1.24,0.14,0.56,0.03,0.19
9.63,-2.77,0.22,0.15,-0.06,0.48
9.46,-3.98,0.19,0.01,-0.11,0.19
10.32,-3.08,-0.11,-0.29,0.08,-0.39
10.03,-2.12,-0.89,0.59,0.16,-0.22
