MPU6050 Found!
-0.22,-0.02
2.44,-9.35,2.80,0.04,-0.24,0.12
2.16,-9.89,2.05,-0.28,-0.24,0.18
1.74,0.41,0.11,-0.22,0.08
2.43,-9.56,2.20,0.14,-0.22,-0.02
2.44,-9.35,2.80,0.04,-0.24,0.12
2.16,-9.89,2.05,-0.28,-0.24,0.18
MPU6050 Found!
MAX_SAMPLES: 170
Resuming from sample #65535
Send 'd' to dump, 'c' to clear.
0.08,-1.69,-0.36,0.21,-0.01,0.03
0.36,-9.48,-1.81,0.19,0.02,0.02
0.65,-9.27,-1.80,0.06,0.11,-0.01
0.94,-9.14,-1.98,0.12,0.10,-0.09
0.53,-9.41,-1.91,0.23,0.02,-0.09
0.57,-9.53,-1.79,0.21,0.01,-0.04
0.01,-9.57,-2.72,0.04,-0.09,0.06
0.62,-9.13,-2.59,0.18,0.11,-0.07
0.77,-9.28,-2.26,0.17,0.02,-0.02
0.81,-9.33,-1.97,0.15,0.04,-0.02
0.71,-9.53,-1.60,0.20,-0.09,0.02
0.88,-9.38,-1.82,0.11,-0.08,0.01
0.82,-9.35,-1.96,0.14,0.04,-0.01
0.80,-9.44,-1.72,0.19,-0.07,0.07
0.81,-9.43,-1.88,0.22,-0.01,0.03
0.94,-9.88,-1.10,0.23,-0.59,-0.26
3.61,-9.26,0.83,1.20,-1.65,-0.13
-3.03,-10.25,0.82,1.08,-4.41,1.91
-5.73,-7.52,-4.38,1.59,-1.43,1.79
-0.87,-9.94,3.02,-0.32,0.09,-0.15
-2.78,-9.27,4.33,-0.73,0.53,-0.91
-0.35,-11.28,0.12,-0.62,0.83,-0.78
-1.53,-8.32,-2.85,-0.44,-2.71,1.98
-2.34,-9.61,-0.08,-0.00,4.09,-1.58
4.33,-8.76,-1.63,-0.73,0.04,-0.38
1.16,-8.91,-3.16,-0.69,1.53,-0.13
2.12,-8.94,-1.02,0.04,1.49,0.07
4.11,-7.95,-2.93,-0.23,0.08,-0.23
4.47,-8.14,-2.40,0.13,0.18,-0.37
4.49,-8.24,-2.62,0.34,0.44,-0.04
5.66,-7.86,-1.61,0.17,0.08,-0.34
6.36,-7.41,-1.49,-0.08,0.04,-0.09
3.56,-9.81,-3.71,0.41,-0.70,2.16
4.80,-7.46,-3.08,0.42,-0.88,-0.51
4.69,-9.43,-0.72,0.14,1.31,-0.21
8.15,-7.48,1.79,0.23,0.66,-0.44
6.27,-8.18,0.44,-0.25,0.96,-0.02
5.19,-9.71,0.16,-0.66,0.52,-0.41
5.87,-7.93,0.48,-0.47,0.11,0.80
5.37,-8.49,-1.44,0.00,-0.28,0.18
4.55,-8.66,-1.25,-0.03,-0.32,-0.15
4.61,-8.94,-0.92,0.12,0.20,0.30
3.44,-8.20,-0.11,0.21,0.13,-0.07
4.90,-8.36,-0.24,0.14,0.01,0.16
5.82,-5.94,-1.47,-0.25,0.34,-0.85
9.27,-5.52,-1.15,-4.17,2.12,-1.84
7.28,-7.92,-2.14,-0.40,-0.23,-0.34
11.02,3.24,1.28,0.70,-0.10,-0.60
37.61,-21.57,-4.08,0.43,-1.39,6.54
-1.73,-11.71,-5.44,0.85,-2.31,0.30
4.47,-9.78,-4.38,-0.22,0.43,0.42
1.05,-8.18,4.43,0.36,0.05,-0.16
3.92,-9.34,-3.16,0.14,-0.19,0.11
1.40,-8.79,0.92,0.08,0.23,-0.20
3.76,-9.68,-2.89,0.75,0.04,-0.04
1.45,-8.59,1.29,-0.93,-0.20,-0.18
2.73,-8.73,0.40,0.59,0.34,0.13
3.21,-9.93,-3.13,0.74,-0.09,0.06
3.33,-9.78,-2.83,-0.08,0.05,0.01
2.95,-9.67,-2.25,-0.10,-0.17,0.04
3.57,-9.64,-2.41,0.37,0.14,-0.00
1.78,-8.85,0.47,0.36,0.06,0.01
3.00,-9.61,-1.58,-0.03,-0.07,0.13
2.84,-9.13,-0.40,0.15,0.00,0.02
2.89,-9.29,-0.73,0.14,0.03,-0.05
2.73,-9.32,-0.65,0.15,0.02,-0.06
2.62,-9.39,-0.80,0.14,0.01,-0.03
2.54,-9.39,-0.79,0.13,-0.00,0.01
2.62,-9.36,-0.76,0.13,-0.01,0.04
2.70,-9.31,-0.79,0.13,-0.01,0.05
2.74,-9.33,-0.74,0.13,-0.01,0.03
2.76,-9.31,-0.72,0.14,0.00,0.01
2.75,-9.30,-0.74,0.13,0.00,-0.00
2.73,-9.34,-0.68,0.13,0.01,-0.02
2.68,-9.37,-0.76,0.14,0.01,-0.04
2.59,-9.41,-0.84,0.14,0.00,-0.01
2.59,-9.38,-0.84,0.13,-0.00,0.01
2.59,-9.38,-0.84,0.13,-0.00,0.01
2.65,-9.37,-0.80,0.14,0.00,0.00
2.67,-9.35,-0.73,0.14,0.00,-0.00
2.71,-9.23,-0.73,0.13,0.00,0.00
2.70,-9.35,-0.80,0.13,-0.00,0.02
2.71,-8.96,-0.61,0.11,0.00,0.01
2.70,-9.33,-0.78,0.12,-0.00,0.01
2.72,-9.34,-0.75,0.13,0.00,-0.01
2.74,-9.35,-0.77,0.14,0.00,-0.00
2.76,-9.31,-0.75,0.14,-0.00,0.01
2.69,-9.32,-0.75,0.13,-0.01,0.03
2.64,-9.36,-0.79,0.13,-0.01,0.02
2.66,-9.35,-0.73,0.13,-0.01,0.03
2.66,-9.37,-0.78,0.13,-0.01,0.03
2.69,-9.33,-0.76,0.13,-0.01,0.03
2.70,-9.34,-0.79,0.13,-0.01,0.04
2.72,-9.36,-0.77,0.13,-0.00,0.03
2.71,-9.35,-0.75,0.13,-0.00,0.01
2.69,-9.33,-0.77,0.13,-0.00,0.01
2.70,-9.34,-0.75,0.13,0.00,0.00
2.67,-9.35,-0.74,0.13,0.00,0.00
2.69,-9.37,-0.76,0.14,0.00,-0.01
2.69,-9.32,-0.78,0.13,0.00,-0.00
2.72,-9.34,-0.75,0.14,0.00,-0.00
2.71,-9.33,-0.76,0.14,0.00,0.00
2.74,-9.31,-0.74,0.14,0.00,0.00
2.69,-9.30,-0.71,0.14,-0.01,0.02
2.65,-9.37,-0.82,0.13,-0.01,0.03
2.68,-9.34,-0.80,0.13,-0.01,0.02
2.78,-9.31,-0.79,0.13,-0.01,0.04
2.75,-9.32,-0.74,0.13,-0.00,0.01
2.73,-9.33,-0.76,0.13,-0.00,0.00
2.71,-9.35,-0.78,0.13,0.00,-0.00
2.71,-9.37,-0.81,0.14,0.01,-0.02
2.73,-9.34,-0.78,0.13,0.00,-0.01
2.75,-9.33,-0.75,0.13,0.00,0.01
2.74,-9.34,-0.77,0.13,-0.00,0.01
2.74,-9.27,-0.65,0.15,-0.01,0.01
2.73,-9.42,-0.78,0.14,0.00,0.00
2.61,-9.64,-0.86,0.14,0.01,-0.00
2.66,-9.33,-0.66,0.15,-0.01,0.02
2.69,-9.35,-0.80,0.14,-0.01,0.03
2.71,-9.34,-0.81,0.13,-0.00,0.01
2.76,-9.33,-0.72,0.13,0.00,0.01
2.72,-9.34,-0.70,0.14,-0.00,0.01
2.74,-9.34,-0.73,0.14,-0.00,0.01
2.72,-9.35,-0.78,0.13,-0.00,0.01
2.74,-9.34,-0.78,0.14,0.01,-0.02
2.67,-9.35,-0.78,0.14,0.00,-0.00
2.70,-9.33,-0.71,0.14,-0.00,0.02
2.67,-9.34,-0.72,0.13,-0.00,0.02
2.72,-9.36,-0.73,0.14,-0.00,0.01
2.70,-9.37,-0.81,0.14,-0.00,0.00
2.70,-9.35,-0.79,0.13,-0.00,0.00
2.71,-9.35,-0.78,0.13,-0.00,0.01
2.73,-9.34,-0.79,0.14,-0.00,0.01
2.77,-9.33,-0.73,0.14,-0.00,0.02
2.76,-9.22,-0.68,0.14,-0.00,0.01
2.74,-9.36,-0.76,0.14,-0.00,0.01
2.71,-9.34,-0.83,0.13,-0.01,0.02
2.76,-9.32,-0.78,0.13,-0.00,0.02
2.75,-9.33,-0.77,0.13,0.00,0.00
2.73,-9.34,-0.76,0.14,0.00,-0.01
2.74,-9.32,-0.71,0.14,0.01,-0.01
2.74,-9.32,-0.72,0.14,0.00,0.00
2.74,-9.32,-0.77,0.13,0.00,0.00
2.75,-9.33,-0.76,0.13,-0.00,0.01
2.74,-9.33,-0.71,0.14,-0.00,0.00
2.72,-9.33,-0.72,0.14,-0.00,0.01
2.73,-9.33,-0.77,0.13,-0.01,0.02
2.76,-9.33,-0.76,0.13,-0.00,0.01
2.76,-9.33,-0.73,0.13,0.00,-0.00
2.72,-9.36,-0.75,0.13,-0.00,0.01
2.77,-8.84,-0.57,0.08,0.02,-0.01
2.79,-9.31,-0.91,0.11,0.03,-0.07
2.95,-9.31,-0.67,0.12,0.05,-0.05
3.13,-9.22,-0.77,0.14,0.02,-0.04
3.17,-9.17,-0.71,0.13,0.00,0.01
3.14,-9.28,-0.73,0.13,0.01,-0.02
3.23,-9.19,-0.66,0.14,0.02,-0.04
3.31,-9.15,-0.65,0.13,0.01,0.01
3.28,-9.18,-0.68,0.14,0.01,-0.01
3.34,-9.18,-0.67,0.14,0.00,0.01
3.34,-9.11,-0.66,0.13,0.00,0.01
3.36,-9.18,-0.67,0.14,0.02,-0.03
3.46,-9.13,-0.64,0.15,0.03,-0.07
3.54,-9.09,-0.59,0.12,0.04,0.01
3.64,-9.07,-0.66,0.14,0.01,-0.02
3.66,-9.06,-0.64,0.12,0.07,-0.03
3.84,-9.00,-0.52,0.15,0.03,-0.07
3.95,-8.97,-0.49,0.15,0.06,-0.06
4.10,-8.92,-0.48,0.14,0.06,-0.04
4.23,-8.88,-0.40,0.13,0.05,-0.02
4.25,-8.87,-0.38,0.13,-0.00,0.02
4.22,-8.84,-0.45,0.14,0.01,-0.01
4.24,-8.88,-0.36,0.14,0.00,0.00
4.25,-8.88,-0.32,0.14,0.00,0.01
4.24,-8.89,-0.31,0.14,0.00,-0.00
4.25,-8.89,-0.32,0.13,0.01,0.01
4.31,-8.83,-0.32,0.14,0.04,-0.03
4.37,-8.83,-0.28,0.13,-0.01,0.03
4.36,-8.86,-0.36,0.14,0.00,-0.00
4.34,-8.84,-0.25,0.13,0.00,0.01
4.33,-8.83,-0.30,0.13,-0.00,0.01
4.36,-8.82,-0.31,0.13,-0.00,0.01
4.37,-8.83,-0.30,0.14,-0.00,0.01
4.38,-8.85,-0.32,0.14,0.00,0.00
4.37,-8.81,-0.31,0.13,0.00,0.01
4.34,-8.83,-0.30,0.13,-0.00,0.01
4.39,-8.83,-0.28,0.13,0.00,0.01
4.37,-8.83,-0.29,0.14,0.00,0.00
4.37,-8.80,-0.29,0.13,0.01,-0.00
4.36,-8.84,-0.31,0.14,0.00,0.01
4.22,-8.90,-0.09,0.12,0.01,-0.02
4.36,-8.85,-0.28,0.16,0.04,-0.04
4.52,-8.79,-0.20,0.13,-0.01,0.03
4.43,-8.80,-0.23,0.14,0.00,0.00
4.47,-8.80,-0.22,0.13,0.00,0.00
4.42,-8.75,-0.14,0.14,-0.00,0.01
4.46,-8.80,-0.23,0.13,-0.01,0.02
4.48,-8.78,-0.23,0.13,-0.00,0.01
4.47,-8.76,-0.24,0.13,-0.00,0.01
4.51,-8.78,-0.26,0.14,0.01,-0.01
4.48,-8.80,-0.23,0.14,0.01,-0.00
4.45,-8.77,-0.19,0.13,-0.00,0.01
4.47,-8.79,-0.22,0.13,-0.00,0.00
4.47,-8.78,-0.28,0.12,-0.00,-0.01
4.41,-8.82,-0.09,0.10,0.00,0.04
4.52,-8.78,-0.24,0.12,-0.00,0.03
4.58,-8.72,-0.15,0.13,0.00,0.01
4.48,-8.79,-0.33,0.09,0.01,-0.06
4.64,-8.68,-0.15,0.11,0.02,0.01
4.59,-8.74,-0.21,0.13,-0.01,0.03
4.56,-8.75,-0.19,0.14,0.00,-0.00
4.58,-8.72,-0.14,0.13,-0.01,0.01
4.56,-8.68,-0.17,0.14,-0.00,0.01
4.57,-8.74,-0.14,0.14,0.00,0.00
4.57,-8.74,-0.20,0.14,0.00,0.00
4.58,-8.75,-0.16,0.13,-0.01,0.01
4.57,-8.74,-0.12,0.14,0.01,-0.02
4.59,-8.74,-0.12,0.13,-0.00,0.01
4.55,-8.75,-0.11,0.14,0.01,-0.01
4.60,-8.80,-0.14,0.14,-0.01,0.02
4.60,-8.73,-0.15,0.13,-0.01,0.02
4.58,-8.72,-0.14,0.13,-0.00,0.01
4.61,-8.70,-0.15,0.13,0.00,-0.00
4.63,-8.70,-0.16,0.13,0.00,-0.00
4.59,-8.77,-0.18,0.13,-0.00,0.01
4.62,-8.71,-0.11,0.16,0.02,-0.03
4.54,-8.76,-0.13,0.13,0.00,0.02
4.68,-8.67,-0.10,0.14,0.01,-0.02
4.70,-8.71,-0.09,0.13,0.00,0.00
4.68,-8.69,-0.08,0.14,-0.00,0.01
4.70,-8.69,-0.10,0.13,-0.00,0.01
4.68,-8.69,-0.08,0.14,0.00,0.01
4.64,-8.69,-0.05,0.14,0.00,0.01
4.73,-8.68,-0.06,0.14,0.00,-0.00
4.68,-8.72,-0.07,0.14,-0.00,0.01
4.70,-8.70,-0.08,0.14,-0.00,0.00
4.70,-8.68,-0.08,0.11,-0.02,0.04
4.71,-8.69,-0.07,0.14,-0.00,0.01
4.74,-8.68,-0.08,0.13,-0.00,0.01
4.77,-8.85,-0.21,0.15,-0.00,0.01
4.75,-8.69,-0.11,0.14,0.00,-0.00
5.09,-9.69,0.11,0.20,-0.02,0.00
4.80,-9.21,-0.13,0.14,0.03,-0.02
4.69,-8.49,-0.10,0.11,-0.01,0.03
4.82,-8.69,-0.10,0.13,-0.01,0.04
4.82,-8.62,0.00,0.13,-0.01,0.02
4.78,-8.67,-0.00,0.14,-0.00,0.00
4.79,-8.65,-0.11,0.14,0.00,0.01
4.82,-8.59,0.08,0.14,-0.00,0.01
4.64,-8.69,-0.01,0.13,-0.00,0.02
4.85,-8.54,-0.32,0.13,-0.01,0.00
4.71,-8.56,0.04,0.13,-0.01,0.03
4.65,-8.74,-0.00,0.13,0.00,-0.00
4.70,-8.73,-0.08,0.11,-0.00,0.00
4.79,-8.70,-0.06,0.15,0.01,-0.00
4.77,-8.65,0.09,0.15,0.00,-0.00
4.76,-8.70,-0.07,0.14,-0.00,0.01
4.75,-8.67,-0.05,0.14,-0.01,0.02
4.84,-8.60,0.01,0.14,0.00,0.00
4.71,-8.68,-0.08,0.14,-0.00,0.02
4.78,-8.56,0.07,0.14,-0.00,-0.00
4.72,-8.66,-0.04,0.14,0.00,0.00
4.77,-8.71,-0.00,0.13,-0.00,0.01
4.75,-8.91,-0.04,0.12,0.00,0.01
4.80,-8.64,0.08,0.13,-0.00,0.01
4.83,-8.62,-0.05,0.13,0.00,0.00
4.86,-8.61,-0.12,0.11,-0.01,0.03
4.70,-8.70,-0.14,0.13,-0.00,0.01
4.78,-8.71,-0.06,0.13,0.00,0.02
4.74,-8.64,0.04,0.13,-0.00,0.01
4.75,-8.63,-0.04,0.14,0.00,-0.01
5.14,-9.33,0.55,0.14,-0.00,-0.02
4.41,-9.00,0.58,0.12,0.04,-0.06
4.74,-8.71,0.04,0.18,0.01,0.00
4.65,-8.67,-0.05,0.16,-0.00,0.02
4.72,-8.63,-0.03,0.13,-0.01,0.04
4.63,-8.69,-0.01,0.14,0.01,-0.01
4.70,-8.67,-0.02,0.14,-0.00,0.01
4.78,-8.67,-0.09,0.14,-0.00,0.01
4.74,-8.66,-0.09,0.14,-0.01,0.03
4.72,-8.67,-0.05,0.14,-0.00,0.02
4.74,-8.68,-0.04,0.14,-0.00,0.01
4.72,-8.67,0.02,0.13,-0.00,0.01
4.67,-8.71,0.05,0.13,0.00,0.01
4.80,-8.64,0.05,0.13,0.00,0.02
4.74,-8.70,0.01,0.14,-0.00,0.01
4.77,-8.67,-0.03,0.14,-0.00,0.00
4.80,-8.66,-0.02,0.14,0.00,0.01
4.72,-8.70,-0.01,0.13,-0.00,0.01
4.82,-8.66,0.01,0.13,-0.00,0.01
4.77,-8.67,0.00,0.13,-0.00,0.01
4.78,-8.67,-0.05,0.14,-0.00,0.01
4.78,-8.65,-0.02,0.14,-0.00,0.01
4.79,-8.67,-0.04,0.14,-0.00,0.01
4.75,-8.67,-0.02,0.13,-0.00,0.01
4.76,-8.65,0.00,0.13,-0.00,0.01
4.77,-8.67,-0.04,0.13,-0.00,0.01
4.77,-8.67,-0.01,0.13,-0.00,0.01
4.77,-8.67,-0.02,0.13,-0.00,0.01
4.75,-8.67,-0.04,0.13,-0.00,0.01
4.69,-8.70,-0.00,0.14,-0.00,0.01
4.72,-8.67,-0.01,0.13,-0.00,0.01
4.75,-8.69,-0.03,0.13,-0.00,0.00
4.73,-8.65,-0.03,0.13,0.00,0.00
4.74,-8.65,0.02,0.13,0.00,0.01
4.71,-8.69,-0.00,0.14,0.00,0.00
4.73,-8.68,0.00,0.14,0.00,0.01
4.79,-8.64,-0.01,0.13,-0.00,0.01
4.76,-8.68,0.01,0.14,0.00,0.01
4.76,-8.67,0.00,0.13,-0.00,0.01
4.76,-8.69,-0.01,0.13,-0.00,0.01
4.76,-8.65,0.01,0.14,-0.00,0.01
4.77,-8.66,-0.03,0.13,-0.00,0.01
4.77,-8.67,0.00,0.13,-0.00,0.00
4.77,-8.68,-0.02,0.13,-0.00,0.01
4.76,-8.70,-0.01,0.13,-0.00,0.01
4.76,-8.68,-0.01,0.13,-0.00,0.01
4.80,-8.66,-0.03,0.13,-0.00,0.01
4.78,-8.66,-0.01,0.14,-0.00,0.01
4.77,-8.66,0.00,0.14,0.00,0.00
4.77,-8.70,0.05,0.14,0.00,0.00
4.90,-8.59,0.06,0.14,0.01,-0.01
4.69,-8.70,-0.10,0.14,-0.00,0.01
4.85,-8.65,-0.03,0.13,-0.00,0.01
4.79,-8.67,-0.04,0.13,-0.00,0.01
4.78,-8.65,-0.02,0.14,-0.00,0.01
4.78,-8.63,-0.03,0.14,-0.00,0.01
4.74,-8.63,-0.05,0.14,-0.00,0.01
4.74,-8.70,0.03,0.13,-0.00,0.02
4.78,-8.67,0.03,0.14,-0.00,0.01
4.72,-8.60,-0.03,0.14,0.00,-0.00
4.77,-8.71,-0.06,0.14,-0.00,0.01
4.77,-8.66,-0.03,0.13,0.00,0.00
4.79,-8.57,0.07,0.13,-0.01,0.01
4.74,-8.63,0.02,0.14,-0.00,0.01
4.84,-8.61,0.07,0.14,0.00,-0.00
4.74,-8.71,-0.09,0.15,0.01,-0.01
4.71,-8.70,-0.12,0.13,0.00,0.01
4.72,-8.71,-0.06,0.13,-0.00,-0.00
4.77,-8.66,0.03,0.13,0.00,0.00
4.74,-8.67,-0.02,0.13,0.00,0.01
4.78,-8.67,-0.03,0.13,0.00,0.01
4.79,-8.67,-0.02,0.13,0.00,0.00
4.79,-8.65,0.00,0.13,-0.00,0.00
4.80,-8.65,-0.02,0.14,0.00,0.00
4.78,-8.66,-0.04,0.13,0.00,-0.00
4.75,-8.68,-0.01,0.13,-0.00,0.00
4.74,-8.66,0.00,0.13,-0.00,0.01
4.79,-8.68,-0.01,0.14,-0.00,0.01
4.74,-8.69,-0.05,0.13,0.00,0.00
4.74,-8.66,0.05,0.13,-0.00,0.00
4.80,-8.63,0.00,0.14,-0.00,0.00
4.75,-8.69,-0.06,0.14,-0.00,0.01
4.78,-8.66,-0.05,0.14,-0.00,0.01
4.79,-8.66,0.01,0.12,-0.01,0.01
4.75,-8.66,0.02,0.14,0.00,0.00
4.80,-8.66,-0.01,0.14,0.00,0.00
4.79,-8.66,-0.02,0.14,0.00,0.01
4.77,-8.70,0.01,0.13,-0.00,0.01
4.72,-8.71,0.00,0.14,-0.00,0.01
4.71,-8.67,0.02,0.13,0.00,0.01
4.71,-8.68,-0.01,0.13,-0.00,0.01
4.75,-8.66,0.04,0.13,-0.00,0.01
4.77,-8.66,-0.00,0.13,-0.00,0.01
4.77,-8.73,-0.06,0.13,-0.00,0.00
4.76,-8.69,-0.03,0.13,-0.00,0.01
4.77,-8.66,-0.02,0.13,-0.00,0.01
4.76,-8.68,-0.04,0.13,-0.00,0.01
4.78,-8.66,-0.00,0.14,0.00,0.00
4.78,-8.66,-0.05,0.13,-0.00,0.01
4.78,-8.66,0.00,0.13,0.00,0.01
4.80,-8.65,0.00,0.14,-0.00,0.01
4.75,-8.66,0.00,0.13,-0.00,0.01
4.78,-8.65,-0.00,0.13,-0.00,0.01
4.77,-8.67,-0.06,0.13,0.00,0.01
4.79,-8.67,-0.06,0.14,-0.00,0.01
4.78,-8.66,-0.05,0.14,0.00,0.01
4.79,-8.65,-0.03,0.13,0.00,0.01
4.75,-8.67,-0.06,0.13,0.00,0.01
4.76,-8.68,-0.06,0.13,-0.00,0.01
4.75,-8.66,-0.03,0.13,-0.00,0.01
4.73,-8.67,0.01,0.13,-0.00,0.01
4.75,-8.65,0.01,0.14,-0.00,0.01
4.77,-8.67,0.04,0.13,-0.00,0.01
4.81,-8.65,0.09,0.13,-0.00,0.02
4.77,-8.68,0.08,0.13,-0.00,0.00
4.76,-8.66,0.04,0.13,0.00,0.00
4.75,-8.67,-0.02,0.13,0.00,0.01
4.78,-8.66,0.01,0.13,-0.00,0.01
4.79,-8.66,-0.02,0.13,-0.00,0.01
4.81,-8.66,-0.01,0.13,-0.00,0.01
4.78,-8.69,-0.00,0.13,-0.00,0.01
4.78,-8.64,0.01,0.13,0.00,0.00
4.78,-8.66,0.02,0.13,-0.01,0.01
4.85,-8.61,-0.02,0.13,-0.00,0.01
4.78,-8.65,0.02,0.13,0.00,0.01
4.69,-8.70,-0.10,0.13,-0.00,0.01
4.70,-8.67,-0.06,0.14,-0.00,0.01
4.75,-8.66,-0.04,0.14,-0.00,0.01
4.74,-8.66,-0.03,0.13,0.00,0.01
4.74,-8.68,-0.02,0.14,0.00,0.01
4.76,-8.66,-0.03,0.13,-0.01,0.01
4.70,-8.71,-0.06,0.13,-0.00,0.01
5.09,-8.99,-0.17,0.10,-0.01,0.02
4.73,-8.71,-0.05,0.14,0.00,-0.00
4.75,-8.60,-0.05,0.13,0.00,0.01
4.79,-8.66,-0.01,0.14,-0.00,0.01
4.69,-8.71,-0.04,0.14,-0.00,0.01
4.70,-8.66,0.03,0.13,-0.00,0.01
4.74,-8.69,0.04,0.13,-0.00,0.01
4.75,-8.67,0.04,0.13,0.00,-0.00
4.81,-8.65,0.03,0.13,0.00,-0.00
4.80,-8.65,-0.00,0.13,-0.00,0.01
4.79,-8.66,-0.03,0.13,-0.00,0.01
4.78,-8.67,-0.03,0.13,0.00,0.01
4.75,-8.66,-0.00,0.13,-0.00,0.02
4.73,-8.70,0.01,0.14,-0.00,0.01
4.76,-8.68,-0.02,0.13,-0.00,0.01
4.81,-8.64,-0.04,0.14,0.00,0.01
4.76,-8.67,-0.02,0.14,-0.00,0.01
4.77,-8.65,0.03,0.13,-0.00,0.01
4.75,-8.67,0.02,0.13,-0.00,0.01
4.73,-8.65,-0.02,0.14,0.00,0.01
4.74,-8.66,-0.02,0.13,-0.00,0.01
4.77,-8.72,0.03,0.14,-0.00,0.01
4.76,-8.70,-0.02,0.14,0.00,0.01
4.78,-8.67,-0.06,0.14,-0.00,0.01
4.76,-8.65,0.02,0.14,-0.00,0.01
4.76,-8.68,-0.04,0.13,-0.00,0.01
4.76,-8.64,-0.01,0.13,-0.00,0.01
4.80,-8.69,-0.03,0.13,-0.00,0.01
4.77,-8.65,-0.03,0.13,-0.00,0.01
4.71,-8.67,-0.01,0.13,-0.00,0.01
4.75,-8.67,0.00,0.13,-0.00,0.01
4.75,-8.70,-0.01,0.13,0.00,0.00
4.77,-8.69,-0.01,0.13,-0.00,0.01
4.74,-8.67,-0.02,0.13,-0.00,0.01
4.77,-8.65,-0.04,0.13,0.00,0.01
4.78,-8.64,0.03,0.14,-0.00,0.01
4.85,-8.63,-0.04,0.14,-0.00,0.01
4.94,-8.57,0.02,0.14,-0.01,0.02
4.61,-8.60,0.04,0.14,-0.01,0.03
4.77,-8.65,-0.07,0.14,0.00,0.00
4.76,-8.67,0.02,0.14,-0.00,0.01
4.76,-8.62,0.04,0.13,0.00,0.00
4.77,-8.65,0.03,0.13,0.00,-0.00
4.72,-8.68,-0.01,0.13,-0.00,0.00
4.84,-8.65,-0.04,0.13,-0.00,0.01
4.75,-8.67,-0.02,0.13,0.00,0.00
4.80,-8.66,0.01,0.14,-0.00,0.01
4.81,-8.65,0.09,0.14,-0.00,0.01
4.89,-8.69,-0.03,0.13,0.00,-0.00
4.73,-8.68,-0.03,0.13,0.00,0.00
4.75,-8.66,0.02,0.13,-0.00,0.02
4.64,-8.00,0.40,0.17,0.00,-0.00
4.64,-8.76,-0.03,0.14,0.01,0.01
4.78,-8.70,0.01,0.13,-0.00,0.03
4.71,-8.64,-0.07,0.13,0.00,0.01
4.75,-8.64,0.00,0.14,-0.01,0.02
4.69,-8.68,-0.06,0.14,0.00,0.00
4.75,-8.73,-0.09,0.13,-0.00,0.02
4.77,-8.67,0.03,0.14,0.00,0.01
4.77,-8.65,0.00,0.13,-0.00,0.00
4.81,-8.64,-0.02,0.13,-0.00,0.00
4.73,-8.67,0.00,0.14,-0.00,0.01
4.69,-8.68,0.01,0.14,0.00,0.00
4.73,-8.67,0.00,0.13,0.00,0.00
4.79,-8.69,0.01,0.13,-0.00,0.01
4.77,-8.69,-0.01,0.13,-0.00,0.01
4.74,-8.66,0.01,0.14,-0.00,0.01
4.73,-8.67,-0.01,0.14,-0.00,0.00
4.74,-8.67,-0.01,0.14,-0.00,0.00
4.77,-8.67,-0.02,0.14,-0.00,0.01
4.74,-8.66,-0.03,0.13,-0.00,0.01
4.75,-8.68,0.00,0.14,-0.00,0.01
4.78,-8.68,-0.06,0.13,-0.00,0.01
4.78,-8.69,-0.01,0.13,-0.00,0.01
4.76,-8.67,-0.01,0.13,-0.00,0.01
4.78,-8.62,0.02,0.13,-0.00,0.01
4.77,-8.67,0.03,0.14,-0.00,0.00
4.77,-8.66,-0.02,0.14,-0.00,0.01
4.74,-8.68,-0.02,0.14,0.00,0.01
4.74,-8.69,-0.06,0.14,-0.00,0.01
4.75,-8.69,-0.06,0.14,-0.00,0.02
4.77,-8.66,0.00,0.13,-0.00,0.01
4.79,-8.66,-0.02,0.14,-0.00,0.01
4.77,-8.66,0.07,0.14,0.00,0.00
4.81,-8.66,0.00,0.13,0.00,0.00
4.74,-8.70,-0.04,0.14,0.00,0.00
4.76,-8.66,0.05,0.14,0.00,-0.00
4.78,-8.66,0.01,0.13,-0.00,0.01
4.82,-8.65,0.00,0.14,-0.00,0.01
4.72,-8.71,-0.03,0.13,-0.00,0.01
4.72,-8.55,-0.41,0.21,-0.00,0.06
4.68,-8.83,-0.02,0.15,0.03,-0.06
4.60,-8.62,0.01,0.15,-0.01,0.05
4.90,-8.65,-0.03,0.13,-0.00,0.01
4.84,-8.63,-0.06,0.14,0.00,0.00
4.81,-8.62,-0.05,0.14,-0.00,0.01
4.82,-8.65,-0.04,0.14,-0.00,0.01
4.78,-8.67,-0.04,0.13,0.00,0.00
4.73,-8.67,-0.03,0.14,-0.00,0.01
4.80,-8.62,-0.03,0.14,0.00,-0.00
4.78,-8.66,-0.07,0.14,0.00,-0.00
4.79,-8.66,-0.03,0.14,0.00,0.00
4.82,-8.65,-0.06,0.13,-0.00,0.01
4.75,-8.68,-0.04,0.14,-0.00,0.01
4.78,-8.65,-0.05,0.13,-0.00,0.00
4.78,-8.65,-0.06,0.13,-0.00,0.01
4.82,-8.66,-0.03,0.13,-0.01,0.01
4.80,-8.63,-0.03,0.14,0.00,0.00
4.78,-8.63,-0.02,0.14,0.00,0.01
4.77,-8.64,-0.03,0.13,-0.00,0.00
4.77,-8.67,-0.05,0.13,-0.00,0.00
4.80,-8.64,-0.05,0.13,-0.01,0.00
4.77,-8.65,-0.05,0.14,-0.00,0.01
4.77,-8.66,-0.08,0.13,-0.00,0.01
4.81,-8.66,0.00,0.14,-0.00,0.01
4.74,-8.67,-0.01,0.13,-0.00,0.01
4.77,-8.66,-0.01,0.13,-0.00,0.01
4.80,-8.65,0.01,0.13,-0.00,0.01
4.78,-8.65,-0.04,0.13,-0.00,0.01
4.75,-8.64,0.02,0.13,-0.00,0.01
4.76,-8.64,-0.01,0.14,-0.00,0.01
4.77,-8.64,-0.02,0.13,-0.00,0.01
4.75,-8.68,-0.02,0.13,0.00,0.01
4.86,-8.63,0.00,0.13,0.00,0.01
4.82,-8.66,-0.12,0.13,0.00,-0.00
4.80,-8.70,-0.09,0.13,-0.00,0.00
4.83,-8.64,0.00,0.13,-0.00,0.00
4.79,-8.67,0.04,0.13,0.00,-0.00
4.81,-8.69,-0.00,0.13,0.00,0.00
4.77,-8.67,0.01,0.14,-0.00,0.01
4.76,-8.67,-0.03,0.13,-0.00,0.01
4.77,-8.66,0.00,0.13,0.00,0.01
4.78,-8.66,-0.03,0.13,-0.00,0.01
4.75,-8.68,-0.00,0.13,-0.00,0.01
4.79,-8.66,-0.01,0.13,-0.00,0.01
4.77,-8.65,0.00,0.14,0.00,0.00
4.79,-8.65,-0.04,0.13,0.00,0.01
4.73,-8.62,-0.01,0.14,0.00,0.01
4.75,-8.66,-0.04,0.14,0.00,0.00
4.75,-8.65,0.00,0.14,-0.00,0.01
4.75,-8.67,0.00,0.14,-0.00,0.01
4.76,-8.67,0.00,0.13,-0.00,0.00
4.78,-8.66,-0.03,0.13,0.00,0.00
4.79,-8.68,-0.03,0.13,-0.00,0.01
4.80,-8.63,0.03,0.13,0.00,-0.00
4.76,-8.66,0.01,0.13,-0.00,0.01
4.78,-8.66,-0.01,0.13,0.00,-0.01
4.77,-8.67,-0.01,0.13,-0.00,0.01
4.74,-8.69,0.00,0.13,-0.00,0.02
4.72,-8.70,0.02,0.13,-0.00,0.02
4.69,-8.71,0.01,0.14,-0.00,0.02
4.82,-8.64,-0.04,0.14,-0.00,0.01
4.81,-8.66,-0.04,0.14,-0.00,0.01
4.75,-8.66,0.01,0.14,-0.00,0.01
4.80,-8.66,-0.01,0.14,-0.00,0.01
4.79,-8.67,-0.07,0.14,0.00,0.01
4.81,-8.64,0.00,0.13,0.00,0.01
4.80,-8.67,-0.02,0.13,0.00,0.01
4.73,-8.68,-0.05,0.13,-0.00,0.00
4.77,-8.65,-0.00,0.13,0.00,0.00
4.78,-8.65,0.02,0.13,0.00,0.01
4.77,-8.64,0.00,0.13,-0.00,0.01
4.77,-8.62,0.04,0.13,0.00,0.01
4.77,-8.65,-0.01,0.13,0.00,0.01
4.76,-8.68,-0.01,0.13,-0.00,0.01
4.77,-8.67,0.00,0.13,-0.00,0.00
4.82,-8.64,-0.01,0.13,-0.00,0.01
4.80,-8.63,0.03,0.13,-0.00,0.01
4.76,-8.66,0.01,0.14,-0.00,0.01
4.78,-8.66,-0.01,0.13,-0.00,0.00
4.79,-8.65,-0.01,0.13,-0.00,0.01
4.76,-8.68,-0.00,0.14,-0.00,0.01
4.78,-8.66,-0.01,0.14,-0.00,0.01
4.77,-8.66,0.00,0.13,-0.00,0.01
4.77,-8.65,-0.01,0.13,0.00,0.01
4.78,-8.66,-0.00,0.13,-0.00,0.01
4.77,-8.64,0.02,0.13,-0.00,0.01
4.79,-8.66,0.01,0.13,0.00,0.00
4.78,-8.65,-0.03,0.13,-0.00,0.01
4.75,-8.65,0.00,0.13,0.00,0.01
4.78,-8.61,-0.01,0.13,-0.00,0.01
4.71,-8.59,0.03,0.14,0.00,0.01
4.73,-8.71,0.02,0.13,-0.00,0.01
4.82,-8.60,0.00,0.14,0.00,0.01
4.76,-8.66,-0.02,0.14,0.00,0.01
4.75,-8.67,0.02,0.13,-0.00,0.01
4.78,-8.68,0.00,0.13,-0.00,0.01
4.76,-8.65,0.04,0.14,-0.00,0.00
4.85,-8.63,-0.04,0.14,-0.00,0.01
4.76,-8.67,-0.00,0.13,-0.00,0.01
13.05,-12.10,-11.74,-2.15,0.59,1.46
1.54,-10.61,0.04,-0.21,-1.51,-2.09
3.30,-7.52,-1.07,1.24,-0.46,-0.46
6.07,-7.24,-0.79,0.55,0.21,-0.34
8.03,-6.06,-0.28,0.43,0.15,-0.16
7.69,-4.40,0.35,0.48,-0.04,-0.83
8.87,-5.00,-0.10,0.01,0.36,0.08
7.88,-5.07,1.31,0.13,0.02,0.23
7.14,-5.67,1.35,-0.17,-0.75,0.81
7.54,-6.69,-0.93,0.84,-0.27,0.12
7.96,-9.03,-1.92,0.53,-0.66,-0.11
10.07,-5.36,-1.41,-0.60,-1.13,-0.15
8.12,-6.05,0.15,0.14,-0.21,-0.52
10.95,-4.87,-3.04,-0.11,-0.84,-0.65
7.13,-4.35,-1.20,0.05,-0.04,0.24
7.79,-5.27,-1.31,-0.09,-0.03,0.32
9.68,-6.43,-3.59,0.01,-0.17,-0.23
8.86,-0.51,-1.24,-0.14,-0.59,0.16
9.05,-5.47,-2.95,-0.02,1.06,-1.72
8.07,-9.14,-3.14,0.17,-0.24,2.86
6.74,-2.68,-2.63,-1.05,0.41,-0.53
6.96,-5.77,-1.61,0.09,0.50,0.31
7.36,-8.97,-1.84,-0.14,0.46,-0.11
7.43,-4.82,-2.17,-0.09,-0.23,0.08
7.13,-6.54,-2.22,-0.03,0.13,0.72
6.24,-7.00,-2.68,0.16,0.12,0.18
6.05,-6.92,-2.44,-0.22,0.47,-0.56
6.72,-5.34,-2.27,-0.43,0.29,-0.78
8.26,-3.54,-0.91,0.78,0.53,-0.43
8.44,-5.22,-1.03,-0.10,0.32,0.02
11.11,-4.57,-2.88,-0.07,-0.52,-0.68
8.95,-3.14,-0.52,0.18,0.13,-0.13
9.61,-2.33,-0.61,-0.11,0.18,0.00
9.35,-2.89,-0.15,-0.02,0.18,-0.48
9.14,-1.68,-0.23,0.05,0.07,-0.15
9.92,-2.20,-0.04,0.16,0.04,0.27
10.23,-2.54,-0.07,-0.14,-0.10,0.22
9.87,-3.26,-0.01,-0.17,0.03,0.21
8.71,-3.36,-1.84,0.19,-0.19,-0.06
9.84,-3.08,-0.92,0.33,0.01,0.11
9.95,-4.27,-0.37,0.34,-0.12,0.02
9.26,-3.18,-1.63,0.53,-0.23,-0.03
9.17,-3.06,-1.10,0.19,-0.04,0.04
9.51,-2.42,-1.04,-0.38,-0.23,0.10
9.14,-2.26,-1.61,-0.03,-0.30,0.08
9.86,-2.31,-1.36,-0.03,0.16,0.48
7.93,-2.45,-2.04,0.65,-0.36,0.05
7.98,-5.35,-2.50,2.21,-0.87,-0.76
8.31,-5.39,0.89,1.59,-0.61,-0.57
9.98,-5.68,-0.83,1.60,-0.56,-0.12
8.42,-4.98,-0.12,1.14,-0.61,-0.13
7.95,-3.67,-0.60,1.38,-0.54,-0.76
8.51,-4.96,0.27,0.46,-0.39,-0.02
8.82,-4.02,-0.47,0.61,-0.06,-0.54
8.75,-3.64,-0.06,0.89,-0.08,-0.51
9.82,-3.85,-0.19,0.70,-0.09,-0.02
9.48,-3.20,-0.46,0.51,-0.17,-0.06
8.47,-4.16,-0.31,0.30,-0.36,0.47
8.71,-4.26,-0.19,0.15,0.02,0.07
9.11,-4.72,-0.46,0.12,0.03,0.02
9.24,-4.30,0.03,0.27,0.10,-0.43
9.79,-3.06,0.32,0.16,0.03,-0.40
9.36,-2.77,-0.13,0.08,-0.09,-0.22
9.61,-2.11,0.11,0.10,0.14,-0.22
9.89,-2.12,0.33,0.14,0.05,-0.06
9.91,-1.53,0.16,0.14,-0.04,0.18
9.74,-2.75,0.03,0.25,-0.02,0.13
9.60,-2.75,0.07,0.08,-0.06,0.15
9.50,-3.02,0.17,0.10,0.03,0.09
9.67,-3.13,-0.03,0.03,-0.06,0.03
9.62,-3.25,-0.28,0.11,-0.07,0.06
9.63,-3.14,-0.43,0.04,0.02,-0.02
9.51,-3.11,-0.42,-0.08,0.00,-0.03
9.57,-3.33,-0.14,0.05,0.02,0.10
9.60,-2.96,-0.38,0.02,0.05,-0.10
9.55,-2.93,-0.30,0.11,-0.03,0.03
9.37,-2.98,-0.34,0.06,0.04,-0.03
9.73,-3.02,-0.50,0.07,0.07,-0.05
9.49,-2.78,-0.18,0.05,0.03,-0.04
9.38,-2.44,-0.45,0.06,-0.03,-0.00
9.35,-2.68,-0.75,0.05,-0.07,0.13
9.52,-3.22,-1.01,-0.15,0.02,0.07
9.40,-3.25,-0.56,0.18,0.09,0.07
9.25,-3.11,-0.64,0.17,0.05,-0.09
9.38,-3.05,-0.49,0.22,-0.01,-0.08
9.49,-2.56,-0.79,0.10,-0.03,-0.00
9.66,-3.10,-0.68,0.09,0.01,0.06
9.54,-3.33,-0.45,0.18,0.08,0.14
9.21,-3.21,-0.58,0.15,-0.09,-0.04
9.23,-3.32,-0.57,0.20,-0.03,0.06
9.25,-3.58,-0.81,0.48,-0.19,0.17
8.45,-4.31,-0.61,0.14,0.17,0.13
8.82,-4.39,-0.81,0.14,0.01,0.25
8.54,-5.16,-0.92,0.25,-0.03,0.39
8.45,-6.25,-0.89,0.44,-0.17,0.51
7.98,-6.53,-0.69,0.23,0.08,0.06
7.98,-5.43,-0.53,-0.01,0.11,-0.20
7.89,-5.32,-0.44,0.23,-0.01,-0.01
8.10,-5.80,0.08,0.19,0.12,-0.04
8.26,-5.50,-0.01,0.20,0.01,-0.07
8.52,-5.80,-0.10,0.33,-0.07,-0.09
8.64,-5.48,-0.34,0.09,-0.06,0.07
8.26,-5.01,-0.39,0.11,0.02,-0.08
8.42,-5.73,-0.26,-0.01,0.06,0.10
8.41,-5.06,-0.50,0.08,0.04,-0.03
8.48,-5.22,-0.39,0.11,0.03,0.03
8.39,-5.28,-0.55,0.04,-0.02,0.02
8.83,-5.06,-0.83,-0.03,0.05,-0.02
8.28,-4.83,-0.79,0.18,-0.05,0.20
8.08,-5.56,-0.64,0.15,-0.01,0.04
8.21,-5.37,-0.53,0.15,0.03,0.02
8.26,-5.53,-0.80,0.13,-0.04,-0.00
8.13,-5.53,-0.67,0.12,0.04,-0.01
8.12,-5.33,-0.69,0.07,-0.02,-0.01
8.33,-5.67,-0.96,0.23,-0.05,0.05
8.12,-5.59,-0.74,0.27,-0.06,0.26
7.87,-5.80,-0.66,0.16,-0.01,-0.04
8.12,-6.16,-0.75,0.13,-0.02,-0.04
8.13,-5.85,-0.86,0.09,-0.03,-0.23
8.11,-5.26,-0.66,0.12,0.03,-0.01
8.14,-5.38,-0.94,0.20,-0.02,-0.01
8.20,-5.59,-0.94,0.11,-0.05,0.11
8.33,-5.84,-0.89,0.12,0.01,0.03
8.10,-5.81,-0.81,0.15,-0.03,0.04
EEPROM cleared.
8.08,-5.63,-0.73,0.14,0.01,0.05
MPU6050 Found!
MAX_SAMPLES: 170
Resuming from sample #49
Send 'd' to dump, 'c' to clear.
1.32,-1.22,0.03,0.14,-0.01,-0.03
7.26,-6.60,0.12,0.16,0.00,0.01
7.33,-6.70,0.21,0.10,0.00,0.03
7.33,-6.81,0.14,0.10,0.04,-0.02
7.35,-6.76,0.14,0.13,-0.00,0.02
7.32,-6.85,0.14,0.15,-0.01,0.04
7.31,-6.75,0.11,0.13,-0.03,0.01
7.21,-6.82,0.04,0.19,-0.03,0.03
7.24,-6.71,0.20,0.10,-0.01,0.00
7.30,-6.82,0.11,0.14,0.01,0.02
7.30,-6.94,0.09,0.15,0.02,0.00
=== EEPROM DUMP START ===
Samples stored: 60
ax,ay,az,gx,gy,gz
8.0780,-5.6336,-0.7278,0.1364,0.0053,0.0501
8.0325,-5.6503,-0.6943,0.1242,-0.0048,0.0325
8.0756,-5.7772,-0.8954,0.1106,-0.0306,0.0296
6.7133,-8.0349,-0.4022,0.5609,0.0120,-0.4690
8.5473,-8.8801,-0.3304,2.1117,-0.4165,-1.4027
7.3981,-1.1492,1.4868,3.7497,-0.7917,-0.7043
14.2575,-0.4932,-0.3089,2.7126,-1.1077,-0.6291
2.1739,-3.7996,-3.0143,1.9145,-0.6017,-0.2606
8.4539,-2.2218,0.0431,3.1738,-1.7946,-0.5721
-0.9505,-6.5314,-2.9592,8.0682,-2.0054,-1.6337
8.6622,-6.5050,-0.6201,4.0089,-0.9196,-1.6158
4.2306,3.5434,2.5426,1.4216,-1.5012,-3.2538
-1.9465,12.0404,-2.2194,0.2284,-1.6920,-1.3320
-1.3408,11.5975,-2.6456,-1.0291,0.1889,-1.9388
2.0087,14.2287,-1.1301,0.6843,0.2372,1.1828
0.6129,10.8266,-1.5897,0.5263,0.4183,1.2990
5.6503,15.6174,-2.5067,-0.0088,0.0530,1.4298
5.7293,3.4500,0.9146,0.4519,0.1287,2.1853
14.1952,-1.4820,-3.2561,0.1418,0.5097,0.9942
9.7133,3.8475,-0.0383,0.5454,-0.0783,0.3160
9.3015,-3.4788,0.5962,0.3032,-0.1159,-0.1868
10.1993,0.3567,-1.1875,-0.1484,-0.0061,-0.5103
6.3015,3.7900,0.7566,0.4239,0.2044,-0.0312
13.3644,-0.4717,-1.2498,0.5401,0.2377,1.1604
7.4843,-1.8866,-0.6225,0.0917,0.6166,-0.1727
9.2536,-0.4357,0.7853,-0.0218,0.2521,-0.2606
11.2743,-3.0143,0.9218,1.1207,-0.8599,1.4599
6.0573,-3.4381,-0.8835,0.9785,-0.8474,0.8100
8.0804,-6.0885,-1.0774,0.2451,-0.2084,0.1977
8.1187,-5.0182,-2.0638,0.4970,-0.1303,0.3677
7.7045,-6.3422,-2.0758,0.2705,0.0485,0.4975
6.5721,-7.1874,-0.7973,0.3845,-0.0552,0.5396
6.1746,-7.4460,1.1229,0.3672,-0.0770,0.2356
6.2082,-8.7436,0.3065,0.1636,-0.0560,0.2356
5.7844,-8.0756,-0.4669,0.2697,0.0560,-0.0096
5.8706,-8.4611,-0.1676,0.4056,0.0250,0.1951
6.1339,-8.7867,0.1820,0.1175,-0.0810,-0.0250
5.8538,-8.0996,0.6536,0.0187,-0.0005,0.0472
5.5689,-8.2911,0.6129,0.0314,0.0181,0.0040
5.8754,-8.3103,0.3807,0.1996,-0.0333,-0.0642
5.8203,-8.0134,0.4908,0.2041,-0.0067,-0.1234
5.9999,-8.0756,0.2490,0.1743,-0.0437,0.0416
5.8945,-7.9679,0.2155,0.1138,0.0501,-0.0157
5.9185,-7.8913,0.2490,0.1663,0.0674,-0.0107
5.9448,-8.0206,0.3232,0.0829,-0.0274,0.0136
5.7724,-8.0732,0.3855,0.1463,-0.0269,0.0184
5.9376,-8.1762,0.1556,0.1327,-0.0477,-0.0240
6.2441,-7.7859,0.2658,0.1226,-0.0221,-0.3238
6.7181,-7.3717,0.1556,0.1450,0.0197,-0.2465
1.3240,-1.2186,0.0263,0.1370,-0.0056,-0.0306
7.2640,-6.6008,0.1221,0.1599,0.0003,0.0091
7.3263,-6.6966,0.2107,0.1034,0.0040,0.0250
7.3310,-6.8091,0.1389,0.0973,0.0424,-0.0187
7.3478,-6.7564,0.1437,0.1327,-0.0048,0.0229
7.3191,-6.8498,0.1365,0.1498,-0.0064,0.0394
7.3119,-6.7540,0.1077,0.1311,-0.0274,0.0056
7.2089,-6.8187,0.0407,0.1876,-0.0328,0.0269
7.2425,-6.7109,0.2035,0.1047,-0.0147,0.0016
7.2951,-6.8235,0.1149,0.1386,0.0104,0.0218
7.2975,-6.9360,0.0862,0.1482,0.0245,0.0048
=== EEPROM DUMP END ===
7.21,-6.79,0.08,0.14,-0.00,0.02
7.31,-6.81,0.07,0.11,0.01,0.02
7.30,-6.86,0.03,0.15,-0.00,0.02
7.18,-6.85,0.14,0.15,0.03,0.01
7.35,-6.90,0.03,0.11,-0.03,0.04
7.39,-6.82,0.00,0.10,0.00,-0.03
7.40,-7.03,0.12,0.11,-0.07,0.10
7.30,-6.70,0.14,0.11,0.01,-0.06
7.03,-6.76,-0.15,0.13,0.01,-0.11
7.64,-6.66,-0.08,0.11,-0.05,0.01
7.14,-6.99,0.07,-0.00,-0.03,0.10
7.16,-7.43,-0.12,0.05,0.16,0.05
7.20,-7.45,-0.13,0.05,-0.06,0.09
