MPU6050 Found!
MAX_SAMPLES: 170
Resuming from sample #170
Send 'd' to dump, 'c' to clear.
0.20,1.15,1.50,-0.26,0.65,-0.50
-2.73,6.60,9.83,-0.19,0.44,-0.42
-3.05,4.11,8.07,0.07,-0.47,-0.17
-1.92,4.95,10.01,0.02,-0.02,0.04
-1.95,5.01,9.62,0.19,-0.15,0.42
-1.39,5.33,9.63,0.10,0.29,0.08
-2.27,4.68,9.57,0.04,-0.02,0.09
-2.04,4.54,9.38,0.09,-0.17,0.21
-0.99,4.95,9.57,0.05,-0.03,0.11
-0.80,4.95,9.65,0.20,-0.27,-0.17
-0.32,4.75,9.62,-0.03,0.05,0.10
-0.56,4.75,9.88,0.14,0.01,0.31
-0.50,4.50,9.95,0.16,0.01,0.25
-0.91,4.89,9.64,0.19,-0.13,-0.15
-0.29,4.59,9.94,0.11,0.11,-0.06
-0.37,4.99,9.63,0.22,0.35,0.18
-1.07,5.34,9.38,0.27,0.03,0.04
-1.26,5.50,9.17,0.24,-0.05,-0.15
EEPROM cleared.
-0.97,6.21,9.24,0.26,-0.12,0.06
-0.55,5.47,9.08,0.30,-0.19,-0.32
0.80,7.19,10.66,0.38,0.21,-0.09
-1.98,6.43,8.33,0.22,0.69,-0.73
-4.36,3.48,6.06,-0.31,1.35,-0.61
-5.52,2.63,5.81,-0.02,0.97,-0.31
-8.38,4.09,6.31,0.45,0.53,-0.23
Failed to find MPU6050 chip
MPU6050 Found!
-0.02,0.00
-3.09,2.50,-7.94,0.14,0.01,0.05
-2.90,2.43,-7.83,0.19,0.07,-0.03
.46,-1.44,0.12,-0.04,0.03
-3.22,2.51,-7.92,0.12,-0.02,0.00
-3.09,2.50,-7.94,0.14,0.01,0.05
-2.90,2.43,-7.83,0.19,0.07,-0.03
MPU6050 Found!
MAX_SAMPLES: 170
Resuming from sample #48
Send 'd' to dump, 'c' to clear.
-0.73,0.34,-1.37,0.14,-0.22,-0.02
-4.29,1.95,-7.68,0.08,0.02,-0.07
-4.35,1.78,-7.60,0.09,0.09,-0.05
-4.12,1.80,-7.88,0.11,0.06,0.10
-3.70,2.13,-7.83,0.04,0.10,-0.03
-3.79,2.16,-7.90,0.05,0.01,0.03
EEPROM cleared.
-3.54,2.41,-7.78,0.13,0.05,0.03
-3.82,2.32,-7.63,0.14,0.07,0.03
-3.54,2.12,-8.14,0.05,0.13,0.10
-3.52,2.28,-7.68,0.01,-0.05,0.37
-3.25,2.96,-7.56,-0.21,0.27,0.12
-1.62,3.63,-7.98,-0.07,0.39,0.28
-1.58,4.25,-7.82,-0.17,0.18,0.19
MPU6050 Found!
MAX_SAMPLES: 170
Resuming from sample #43
Send 'd' to dump, 'c' to clear.
-0.36,0.76,-1.38,-0.65,0.19,-0.18
-0.80,4.65,-7.59,-0.11,-0.04,0.04
-1.18,4.85,-7.13,0.19,-0.37,0.09
-1.41,4.64,-7.57,0.31,-0.01,-0.00
-1.65,4.50,-7.48,0.02,-0.12,0.02
-1.80,4.71,-7.41,0.01,-0.15,0.07
-1.99,4.75,-7.27,0.16,0.09,-0.13
-1.64,4.82,-7.40,0.18,-0.12,0.02
-2.14,4.46,-7.53,0.16,-0.01,-0.01
-2.25,4.42,-7.24,0.27,-0.04,-0.08
-1.89,4.70,-7.46,0.21,-0.14,0.08
-2.51,4.58,-7.19,-0.09,-0.34,-0.35
-2.87,4.97,-6.61,-0.44,0.16,-0.24
-2.74,4.73,-7.04,0.43,-0.07,0.00
-3.34,4.41,-7.21,-0.08,-0.26,-0.06
-3.44,5.21,-6.46,-0.01,-0.08,0.04
-3.79,5.12,-6.47,0.10,-0.25,-0.04
-3.89,4.91,-6.51,0.27,0.02,-0.09
-3.88,4.76,-6.57,0.13,0.02,-0.06
-4.01,4.72,-6.50,0.08,0.03,-0.04
-3.94,4.79,-6.48,0.10,0.12,-0.03
-3.54,4.70,-6.64,0.25,0.07,-0.01
-3.80,4.30,-7.04,0.05,-0.07,0.03
-3.62,4.75,-6.70,0.10,0.11,0.07
-3.54,4.79,-6.61,0.09,-0.03,0.11
-3.37,4.80,-6.80,0.20,-0.09,0.16
-3.57,4.82,-6.51,0.14,-0.06,0.05
-3.28,5.09,-6.76,0.07,0.06,0.00
MPU6050 Found!
-0.06,-0.00
-3.29,5.03,-6.73,0.13,-0.02,0.03
-3.28,5.02,-6.68,0.13,-0.02,0.02
8,-1.22,0.14,-0.00,0.01
-3.28,5.00,-6.76,0.07,-0.06,-0.00
-3.29,5.03,-6.73,0.13,-0.02,0.03
-3.28,5.02,-6.68,0.13,-0.02,0.02
MPU6050 Found!
MAX_SAMPLES: 170
Resuming from sample #75
Send 'd' to dump, 'c' to clear.
-0.61,0.88,-1.22,0.10,0.17,-0.10
-3.30,5.53,-6.32,0.27,-0.01,0.30
-2.85,5.26,-6.81,-0.02,0.08,-0.01
EEPROM cleared.
-2.85,5.72,-6.34,0.03,-0.06,0.10
-2.83,5.66,-6.26,0.07,0.24,-0.22
-3.03,5.80,-6.39,0.17,0.01,0.05
-3.07,5.25,-6.54,0.18,0.00,0.09
MPU6050 Found!
MAX_SAMPLES: 170
Resuming from sample #62
Send 'd' to dump, 'c' to clear.
-0.59,-0.25,-1.51,0.03,0.05,0.04
-3.14,-1.23,-8.29,0.14,0.05,-0.13
=== EEPROM DUMP START ===
Samples stored: 64
ax,ay,az,gx,gy,gz
-2.8515,5.7245,-6.3446,0.0293,-0.0624,0.0994
-2.8347,5.6599,-6.2608,0.0693,0.2398,-0.2246
-3.0287,5.7988,-6.3853,0.1724,0.0115,0.0514
-3.0694,5.2505,-6.5410,0.1769,0.0035,0.0914
-3.1005,5.9328,-6.1483,0.0040,0.1849,0.1138
-3.1196,7.9583,-7.2113,0.4341,0.3083,0.0013
-2.1380,5.2912,-8.3869,0.7115,-0.7059,0.3238
-4.0630,3.9576,-8.1283,-0.1956,-2.0203,0.3038
-6.5362,3.5051,-2.0518,-0.2593,-0.9097,0.5103
-6.5697,4.6998,-1.7980,-0.3126,-0.3488,0.8543
-6.9049,13.7403,-3.5769,-0.1087,-0.2054,0.0008
-3.5793,6.9743,-2.3463,-0.0232,0.6821,-0.4056
-2.2721,7.6758,-3.2154,-0.5883,0.2068,0.2406
-4.8626,8.1570,-2.7198,0.3222,-0.6965,-0.1476
-4.5394,8.0469,-0.7614,0.9454,-1.4192,0.4429
-3.4716,9.1506,0.8763,0.5377,-1.2356,0.8593
-2.7150,9.0166,0.8835,0.4908,-0.7578,0.4373
-2.0470,9.0309,0.9218,0.9044,-0.3770,-0.0682
0.4429,1.8268,3.3064,1.5479,-0.0384,-0.1268
-0.2658,7.6351,-3.6488,0.6297,0.3675,-0.0991
-11.0085,10.7859,-16.0795,3.3276,-0.6678,-1.2822
-7.3047,0.9673,-0.9026,0.3352,-2.4709,0.8897
-18.0882,8.5832,-2.6528,0.9785,-0.1596,1.3350
-8.8897,4.5705,-0.0407,-0.9968,-0.3445,0.5047
-8.7915,5.9256,0.3759,-0.3738,0.1913,-0.0600
-9.6750,4.7070,0.8954,0.6901,0.2212,-0.1551
-9.4691,2.6935,-1.4461,0.7970,1.1175,0.5473
-4.7836,4.2617,-4.6256,0.4636,0.7136,0.9225
-2.1715,5.6743,-7.1994,-0.0466,1.1791,-1.0094
-0.3783,6.5003,-8.9447,0.4900,0.2790,-1.8588
-5.9233,-0.7638,-4.8961,0.3006,-0.5812,-0.6070
-7.7165,1.2594,-8.8322,-0.9254,0.0171,0.0706
-6.2776,1.5874,-4.7549,-0.1972,0.8106,-0.5329
-5.2337,2.2721,-6.2369,-0.4834,0.6861,0.3456
-5.8634,4.6807,-8.6455,-1.6038,1.2966,0.4762
1.3144,9.2632,-4.1396,-2.3808,0.7128,0.0258
-0.3184,10.6087,-3.0670,-0.5676,0.9467,-1.0744
0.2586,7.1635,-3.6320,0.1071,0.5540,-0.5668
-3.7589,7.4867,-1.1899,-0.3461,1.6774,-0.8388
-2.2098,7.4005,-2.6073,-0.2790,2.3523,-1.8381
-4.6998,5.2744,-3.6248,0.1330,1.5431,-1.6142
-3.9289,7.2520,-5.0973,0.0392,0.9177,-0.2193
-1.1325,5.8155,-10.8745,0.9302,0.6928,0.3576
-0.9888,2.5402,-6.3279,0.7834,-0.5494,0.7965
-0.4022,4.1300,-6.7349,0.8037,-0.7144,1.3211
-5.6647,3.6224,-8.6598,1.7253,-0.6771,1.9899
-5.0135,-2.7797,-7.1850,1.0581,0.1628,0.4788
-1.6209,-3.3255,-7.0174,-0.4514,-0.0586,0.8116
-1.3360,0.6871,-10.2232,-1.1890,-0.7456,1.0312
-1.9201,3.0670,-4.9632,0.2438,0.0717,0.3067
-3.4261,6.3949,-6.3183,-0.0203,0.2164,0.3360
-2.5714,6.6391,-5.8586,0.6006,0.5617,0.1825
-0.5818,5.1739,-7.6638,1.0541,0.6411,-0.3547
0.2322,1.3024,-9.3781,0.8154,0.2454,-0.4469
0.7685,0.3519,-9.3494,0.1476,0.0954,-0.1852
0.0455,1.5060,-8.9016,-0.0605,-0.0893,0.0024
-0.4238,1.9130,-8.5018,0.1482,-0.0163,0.0019
-0.1772,1.6903,-8.9280,0.2825,-0.1559,0.1140
-0.0934,2.2051,-8.3821,0.9348,-0.3738,-0.0674
-1.0774,-0.6129,-8.9687,0.6965,-0.6406,0.1375
-3.0382,-0.6776,-8.1977,0.5761,-0.6033,-0.0365
-4.1061,-1.9393,-7.6854,0.1889,-0.0997,-0.2566
-0.5938,-0.2466,-1.5107,0.0333,0.0514,0.0445
-3.1436,-1.2306,-8.2887,0.1444,0.0480,-0.1343
=== EEPROM DUMP END ===
-3.01,-1.73,-8.33,0.13,-0.10,-0.04
-3.19,-1.35,-8.29,0.04,-0.01,0.06
-3.26,-0.86,-8.25,0.04,-0.05,0.05
-3.37,-1.05,-8.16,0.10,-0.02,-0.01
-3.41,-0.92,-8.19,0.11,-0.03,0.01
-3.46,-0.69,-8.20,0.12,-0.15,-0.02
-3.71,-1.01,-8.13,0.77,0.19,0.07
-3.23,-2.12,-8.28,0.29,0.10,0.04
-2.96,-2.00,-8.15,0.17,0.03,-0.05
-3.06,-2.21,-8.24,0.12,-0.01,0.00
-3.07,-2.08,-8.20,0.08,-0.02,-0.03
-3.05,-2.04,-8.13,0.13,0.01,-0.00
-3.25,-1.90,-8.28,-0.00,-0.08,0.03
-3.24,-1.80,-8.11,0.08,-0.04,0.03
-3.30,-1.63,-8.16,0.07,-0.03,0.05
-3.37,-1.55,-8.06,0.07,-0.03,0.03
-3.38,-1.35,-8.18,0.07,0.01,0.04
-3.28,-1.25,-8.24,0.09,0.03,0.06
-3.21,-1.11,-8.25,0.09,0.00,0.05
-3.32,-0.99,-8.32,0.07,-0.02,0.04
-3.07,-0.93,-8.35,-0.01,-0.01,-0.06
-3.25,-0.55,-8.23,0.07,-0.04,0.00
-3.35,-0.64,-8.29,0.15,-0.00,-0.07
-3.28,-0.72,-8.24,0.13,-0.02,-0.05
-3.33,-0.83,-8.24,0.14,-0.04,-0.01
-3.50,-0.77,-8.18,0.04,-0.07,0.03
-3.60,-0.47,-8.12,0.10,-0.03,0.10
-3.53,-0.26,-8.16,0.07,-0.00,0.02
-3.53,-0.20,-8.24,0.10,0.01,0.00
-3.51,-0.23,-8.24,0.15,-0.01,0.00
-3.55,-0.24,-8.16,0.13,0.02,-0.01
-3.47,-0.38,-8.25,0.21,0.02,-0.01
-3.38,-0.47,-8.25,0.15,0.00,-0.01
-3.42,-0.40,-8.20,0.11,-0.01,0.01
-3.38,-0.49,-8.30,0.06,0.00,-0.02
-3.47,-0.12,-8.11,0.08,-0.02,0.01
-3.49,-0.21,-8.20,0.15,0.00,0.02
-3.23,-0.07,-8.30,0.02,-0.02,0.00
-3.55,-0.18,-8.30,0.09,-0.04,-0.13
-3.65,-0.18,-8.08,0.23,-0.16,0.10
-4.17,0.11,-7.93,0.09,-0.13,-0.02
-4.24,-0.15,-7.84,0.08,-0.04,-0.00
-4.45,-0.09,-7.75,0.15,-0.07,-0.00
-4.49,0.07,-7.74,0.08,-0.08,0.03
-4.37,0.07,-7.91,0.00,-0.08,-0.01
-4.49,0.39,-7.71,0.09,-0.01,-0.01
-4.73,0.00,-7.75,0.15,0.01,-0.02
-4.66,0.29,-7.56,0.18,-0.07,0.03
-4.72,0.17,-7.65,0.10,-0.00,0.01
-4.55,0.36,-7.63,0.12,-0.07,-0.08
-4.85,0.05,-7.56,0.13,-0.05,-0.01
-4.85,0.14,-7.57,0.21,-0.02,-0.04
-5.13,-0.11,-7.35,0.10,-0.07,0.07
-5.30,0.30,-7.22,0.00,-0.06,-0.00
-4.64,0.49,-7.84,0.02,0.17,0.16
-4.60,1.04,-7.44,0.08,0.02,0.04
-4.50,0.94,-7.64,0.17,0.04,0.01
-4.50,0.69,-7.72,0.17,-0.00,0.02
-4.45,0.83,-7.69,0.12,0.03,0.00
-4.49,0.82,-7.72,0.07,0.08,0.03
-4.23,0.96,-7.79,0.01,0.04,0.01
-4.20,1.24,-7.77,0.06,-0.01,0.13
-4.26,1.46,-7.65,0.05,-0.05,0.11
-4.24,1.81,-7.80,-0.04,0.03,0.10
-3.73,1.76,-7.80,0.29,0.02,-0.05
-4.06,2.04,-7.74,0.38,-0.01,0.02
-4.47,0.30,-7.67,0.66,0.21,0.07
-3.28,0.14,-8.17,0.02,0.12,0.03
-2.93,0.55,-8.48,0.08,0.16,0.07
-3.24,0.73,-8.30,0.05,-0.03,0.01
-3.41,0.91,-8.11,0.08,-0.05,-0.02
-3.27,0.79,-8.23,0.16,-0.12,0.03
-3.56,0.74,-8.10,0.16,-0.07,0.03
-3.71,0.83,-8.00,0.11,-0.09,0.03
-3.74,0.81,-8.09,0.15,-0.00,0.03
-3.76,0.80,-8.07,0.11,-0.03,0.02
-3.80,0.90,-8.02,0.09,-0.03,0.02
-3.79,0.95,-8.04,0.11,0.01,-0.02
-3.84,1.00,-8.03,0.11,-0.03,0.02
-3.81,1.10,-7.91,0.09,-0.02,0.03
-3.82,1.18,-7.92,0.12,-0.01,0.06
-3.73,1.20,-7.96,0.00,0.01,0.08
-3.89,1.52,-7.89,-0.01,-0.04,0.15
-3.82,1.88,-7.91,-0.48,-0.11,0.43
-3.90,4.05,-7.00,-0.53,-0.25,0.21
-4.25,5.23,-5.82,-0.20,-0.29,0.23
-4.38,5.68,-5.24,0.16,0.06,-0.08
-4.05,4.79,-6.74,1.19,0.58,-0.41
-3.57,3.22,-7.50,0.51,0.03,0.01
-4.53,2.59,-7.13,0.04,-0.16,-0.61
-4.38,2.99,-7.32,0.20,0.23,0.22
-3.98,2.68,-7.83,0.06,-0.24,-0.00
-3.76,2.98,-7.60,0.37,0.06,0.08
-3.61,2.49,-7.80,0.30,-0.03,-0.32
-4.58,2.75,-7.50,-0.38,-0.80,-0.45
-4.50,2.38,-7.07,0.05,-0.26,-0.77
-4.33,2.04,-7.62,0.31,0.62,0.55
-3.35,2.33,-7.98,0.03,-0.08,-0.01
-3.68,2.29,-7.86,0.09,0.04,0.07
-3.32,2.53,-8.03,0.01,-0.17,-0.13
-4.82,2.12,-7.29,-0.07,-0.42,-0.13
-5.35,2.44,-6.67,0.19,0.04,0.24
-4.66,2.59,-7.16,0.31,-0.02,-0.22
-4.49,2.38,-7.37,0.18,0.45,0.23
-4.89,2.44,-7.14,-0.06,-0.26,-0.32
>>> EEPROM FULL - recording stopped <<<
-4.97,2.31,-7.09,0.29,-0.08,-0.01
-5.18,2.00,-7.09,0.22,-0.13,0.12
-5.14,2.08,-6.99,-0.08,-0.26,-0.07
-5.03,2.16,-7.12,0.09,-0.08,0.03
-5.46,2.68,-6.85,0.19,0.10,0.13
-5.09,2.78,-7.04,0.00,-0.08,-0.09
-5.25,2.45,-6.45,0.07,0.08,0.01
-4.82,2.85,-7.21,0.05,0.05,0.01
-5.36,3.19,-6.59,0.04,-0.32,-0.27
-5.90,2.08,-6.50,0.17,-0.05,-0.15
-5.81,2.60,-6.62,-0.10,-0.25,0.11
-5.84,3.19,-5.99,-0.24,-0.21,0.07
-6.12,3.75,-5.43,-0.10,-0.33,0.14
-7.06,4.02,-4.36,0.11,-0.55,-0.12
-7.84,3.58,-3.57,0.03,-0.55,-0.33
-8.36,3.15,-2.15,0.16,-0.34,-0.29
-8.96,2.74,-1.93,0.21,-0.07,-0.07
-8.79,2.53,-2.03,0.13,0.01,-0.07
-8.84,2.53,-1.96,0.14,-0.01,-0.08
-8.66,2.51,-2.23,0.36,-0.09,0.03
-8.97,2.40,-2.11,0.30,-0.18,0.05
-8.62,2.69,-2.02,0.08,0.16,0.01
-8.68,2.44,-2.02,0.27,0.01,-0.10
-8.83,1.80,-2.23,0.20,0.01,-0.07
-9.09,1.81,-2.25,0.19,0.00,-0.03
-8.73,1.95,-2.23,0.13,-0.01,0.02
-8.85,1.82,-2.14,0.13,-0.00,0.02
-9.01,1.67,-2.26,0.16,-0.08,0.18
-9.04,2.03,-1.62,-0.54,-0.40,-0.12
-9.15,2.45,-1.07,-0.02,0.08,0.06
-9.01,2.52,-1.26,0.17,0.05,0.06
-9.01,2.60,-1.37,0.21,0.08,0.03
-8.93,2.42,-1.59,0.26,0.08,0.06
-8.95,2.44,-1.86,0.30,0.17,0.01
-8.67,2.16,-2.25,0.49,0.17,0.16
-8.45,2.29,-2.92,0.30,0.14,0.23
-8.26,2.69,-3.37,0.39,0.49,0.12
-7.88,2.20,-4.14,0.57,0.46,-0.14
-7.03,2.19,-5.27,0.06,0.18,0.34
-6.76,2.94,-5.24,-0.07,0.21,0.24
-6.03,3.17,-5.85,0.20,0.20,0.22
-6.16,3.36,-5.71,0.05,-0.09,0.12
-6.10,3.57,-5.75,-0.08,-0.01,-0.02
-6.55,4.06,-4.91,0.12,-0.14,-0.03
-6.73,4.23,-4.64,-0.09,-0.25,0.09
-6.79,4.28,-4.49,0.12,-0.08,-0.05
-6.96,4.64,-3.58,-0.32,-0.42,0.19
-7.03,4.68,-3.47,0.20,0.04,-0.04
-7.16,4.83,-3.29,0.13,-0.07,0.03
-7.13,4.89,-3.38,0.17,0.05,-0.01
-7.18,4.70,-3.48,0.15,0.02,0.01
-7.07,4.81,-3.50,-0.06,0.14,-0.01
-6.71,5.29,-3.38,0.09,0.03,0.17
-6.58,4.93,-4.04,0.41,0.26,0.09
-6.63,4.61,-4.46,0.17,-0.06,0.01
-6.57,4.58,-4.31,0.12,-0.04,-0.00
-6.60,4.74,-4.05,0.10,-0.06,0.00
-6.75,4.75,-3.87,-0.21,-0.23,0.05
-6.85,4.98,-3.43,0.09,-0.07,0.01
-7.05,5.00,-3.32,0.07,-0.04,-0.03
-6.83,5.17,-3.25,0.20,-0.12,0.10
-7.19,4.87,-3.47,0.20,0.09,-0.01
-7.12,5.03,-3.19,0.11,0.03,-0.01
-6.91,5.17,-3.34,0.17,-0.02,0.05
-6.92,5.14,-3.44,0.21,-0.01,0.12
-6.72,5.31,-3.72,0.43,0.43,0.11
-6.54,4.49,-4.25,0.23,0.24,-0.28
-6.48,4.36,-4.67,0.24,0.13,-0.17
-6.53,4.33,-4.79,0.30,0.06,-0.12
-6.65,3.80,-4.90,0.21,-0.10,-0.08
-6.87,3.55,-4.78,0.18,-0.01,-0.10
-6.78,2.99,-5.38,0.10,0.15,-0.17
-6.51,3.37,-4.98,0.15,0.18,-0.22
-6.77,3.05,-5.21,0.28,-0.06,0.00
-6.76,2.60,-5.56,0.28,0.09,0.01
-6.29,2.91,-5.70,0.26,0.07,-0.04
-6.28,2.38,-6.00,0.30,0.12,-0.01
-6.22,1.66,-6.40,-0.01,-0.06,-0.04
-6.25,1.83,-6.44,0.05,0.00,0.14
-6.37,2.28,-6.21,-0.08,-0.06,0.08
-6.03,3.08,-5.86,0.08,-0.05,0.16
-6.15,3.18,-5.86,0.08,-0.05,0.18
-5.83,3.43,-5.86,0.08,-0.02,0.05
-6.01,3.31,-6.00,0.11,-0.03,-0.06
-6.26,3.20,-5.83,0.14,-0.00,-0.03
-6.30,3.20,-5.73,0.16,-0.03,-0.04
-6.18,3.50,-5.19,-0.15,0.08,-0.11
-6.59,2.86,-5.52,0.35,-0.31,0.19
-6.88,3.06,-5.41,-0.01,0.02,0.19
-6.34,3.93,-5.26,0.06,-0.00,0.31
-5.99,4.70,-5.22,-0.07,0.18,0.18
-5.45,5.02,-5.12,-0.01,0.19,0.03
MPU6050 Found!
7,-0.01,-0.01
-5.82,4.49,-5.29,0.14,0.01,-0.02
-5.85,4.46,-5.32,0.15,-0.00,-0.00
-0.96,0.14,-0.01,-0.00
-5.82,4.53,-5.30,0.17,-0.01,-0.01
-5.82,4.49,-5.29,0.14,0.01,-0.02
-5.85,4.46,-5.32,0.15,-0.00,-0.00
MPU6050 Found!
MAX_SAMPLES: 170
Resuming from sample #170
Send 'd' to dump, 'c' to clear.
-0.99,0.81,-1.01,0.21,-0.22,-0.02
-6.03,4.16,-5.42,0.08,-0.01,-0.13
-5.77,4.31,-5.41,0.12,0.04,0.08
EEPROM cleared.
-6.26,4.57,-4.95,0.11,0.01,0.00
-6.21,4.13,-5.36,0.08,0.05,0.03
-5.47,4.93,-5.23,0.02,0.13,0.07
-5.39,4.85,-5.48,0.10,0.06,0.02
-5.50,4.81,-5.41,0.16,-0.06,0.02
-5.84,4.70,-5.15,0.09,-0.02,0.11
MPU6050 Found!
MAX_SAMPLES: 170
Resuming from sample #76
Send 'd' to dump, 'c' to clear.
-0.38,0.01,-1.58,0.17,-0.04,0.01
=== EEPROM DUMP START ===
Samples stored: 77
ax,ay,az,gx,gy,gz
-6.2608,4.5729,-4.9464,0.1130,0.0120,0.0024
-6.2106,4.1252,-5.3606,0.0821,0.0520,0.0296
-5.4660,4.9344,-5.2313,0.0192,0.1316,0.0695
-5.3870,4.8459,-5.4755,0.1023,0.0629,0.0245
-5.4971,4.8052,-5.4061,0.1636,-0.0578,0.0179
-5.8442,4.7022,-5.1475,0.0874,-0.0245,0.1124
-5.2409,5.2265,-5.2481,0.0269,0.0648,0.0618
-5.1332,5.5857,-5.5258,-0.1596,-0.2465,0.1005
-7.0006,5.4229,-3.9025,1.1207,0.3938,0.5396
-2.8850,10.0365,-6.0286,0.4306,0.1644,-0.5129
-5.5067,1.9345,-8.5042,1.0848,-0.3677,-1.4301
-5.5210,-1.6664,-6.6200,-0.2630,-0.6089,-0.6880
-7.7524,-1.3455,-3.6105,-0.4967,-0.6273,0.2638
-8.4324,1.1588,-2.1644,-0.2236,-0.1596,0.7528
-8.2528,1.1325,-1.5754,-0.1884,0.0917,0.8263
-7.6662,7.0102,-5.5809,-0.1940,0.2822,0.9044
-3.6919,4.3503,-4.1132,0.6254,-0.9435,0.6749
-4.4867,8.5186,-2.8323,-0.7053,-1.0152,0.5329
-6.1914,8.2073,-0.7039,-0.7080,-0.3976,-0.1242
-5.8083,5.5067,-0.9242,0.3589,0.9523,0.0536
-5.0182,5.7509,-1.3647,-0.5441,1.1602,-0.3403
-9.4523,14.3892,-3.9097,-1.3310,1.2430,-0.7634
-2.0375,5.5881,-1.5036,-0.6371,1.7965,-0.9633
-1.9728,8.3773,-4.5083,-0.7218,0.4066,0.2177
-3.6943,4.6567,-1.9369,0.2262,0.1572,-0.0370
-5.6479,7.3909,-2.6576,-0.1860,0.2582,-0.1759
-5.5498,7.5489,-0.9481,-0.0274,-0.2228,0.5009
-4.2593,6.8067,0.0000,-0.4167,0.0037,-0.6360
-6.1076,2.9233,5.0087,2.0462,-0.1013,-0.3147
-6.7684,6.9456,-6.2465,0.5140,-0.3403,1.0416
-10.0006,3.4213,7.0749,-0.4101,1.7717,-0.0645
1.0654,7.1323,-25.9460,-0.5705,6.2270,1.0243
9.3996,11.8537,-9.8497,-3.7467,-3.4475,-1.0523
0.1867,8.9998,2.6743,-1.9063,1.3395,-1.6302
-1.2833,10.2855,1.0894,0.7402,0.2579,0.3078
0.7997,10.6135,-0.1748,1.1794,-0.1527,0.7011
2.0518,9.3206,-4.5490,1.0155,0.7746,-1.6236
1.0056,7.9009,-6.1435,0.0597,-0.2555,-2.0190
-4.6495,2.7869,-2.6360,0.1868,0.0485,-1.1295
-4.6974,8.8370,-2.3679,-0.2217,0.5185,0.8468
-2.3870,6.2201,-5.9807,1.2793,0.6331,1.6140
0.0048,4.7405,-9.3781,0.3520,0.3179,0.5702
1.6807,4.5250,-7.7189,0.0464,-0.0829,-0.7669
0.5674,6.1746,-6.2153,-1.0946,-0.4860,-0.9734
-2.7629,8.8681,-3.7900,0.0211,-1.8985,-0.5777
-8.5066,3.6583,-2.6025,0.2116,-0.0602,0.5404
-4.6088,6.1172,-2.5642,0.3792,0.3072,0.5305
-4.5298,7.7644,-3.5458,0.1303,-0.3325,0.2707
-1.1013,9.8114,-3.9768,0.4037,-0.0408,0.1231
-3.4405,10.0389,-4.9488,0.0610,0.0703,-0.0504
0.5315,6.9168,-4.7980,0.0064,0.6382,-0.6078
-0.8882,5.1356,-4.4293,-0.6081,1.0472,-1.5703
-9.1866,4.3551,-4.9009,0.2555,-0.2635,-0.5526
-5.2337,4.8339,-2.8012,0.0378,0.3848,-0.2310
-5.8562,5.7485,-3.6009,0.0043,0.3038,-0.1026
-5.2026,6.9384,-4.3335,-0.2078,0.5247,0.0799
-2.2769,5.9687,-5.2505,0.5353,-0.0453,0.1495
-2.2290,6.1603,-4.4604,0.4242,-0.2081,0.0957
-2.3056,6.8211,-5.0039,0.2838,-0.6113,0.2625
-5.7796,5.9352,-5.6671,0.5065,-0.6320,0.6328
-4.8914,4.9967,-4.5681,0.1839,-0.2990,0.3706
-5.8969,9.0309,-7.3741,0.0469,-0.1015,0.4373
-2.0255,4.8195,-5.1427,1.2220,-0.3557,0.3046
-2.9712,4.9656,-5.7078,0.8383,-0.3701,0.6800
-5.5737,7.4819,-7.2353,1.3576,-0.5790,1.3390
-4.4173,0.7901,-4.6328,1.3968,0.2030,1.1938
-2.3320,-0.0551,-7.3263,0.9212,0.6241,0.6861
1.1301,-3.8331,-9.9264,1.1964,0.7757,1.6228
3.0981,-3.9361,-9.7731,0.1913,0.7895,0.9108
3.5554,-1.2330,-8.3869,0.0029,0.2702,0.9545
3.9816,-1.0750,-8.1834,-0.1407,0.0253,1.2526
3.8882,-2.3296,-7.3215,0.5585,0.1279,1.3776
-0.5124,-3.1891,-7.5992,-0.6702,-1.2353,0.7480
-9.0094,4.6495,-14.8656,-0.1058,-0.2825,0.5412
-3.4716,0.9146,-9.3230,-0.3211,-0.2038,-0.1386
-0.9529,1.7071,-7.6806,0.4533,-0.0093,-0.0991
-0.3807,0.0072,-1.5826,0.1745,-0.0384,0.0133
=== EEPROM DUMP END ===
-1.92,0.28,-8.75,0.13,-0.01,0.06
-1.71,0.57,-8.85,0.04,-0.16,0.23
-2.25,0.51,-8.69,0.01,-0.16,0.24
-3.34,0.79,-8.32,0.25,-0.42,0.22
-3.65,0.69,-8.32,0.30,-0.09,0.29
-2.69,0.73,-8.42,0.56,0.17,-0.20
-2.97,-1.18,-8.69,0.70,0.36,-0.10
-2.09,-1.28,-8.77,0.26,0.14,-0.06
-1.92,-1.24,-8.81,0.20,0.08,-0.08
-1.79,-1.35,-8.64,0.20,0.05,-0.02
-1.82,-1.61,-8.68,0.16,0.01,-0.00
-1.70,-1.55,-8.62,0.18,0.02,0.00
