MPU6050 Found!
MAX_SAMPLES: 170
Resuming from sample #170
Send 'd' to dump, 'c' to clear.
0.20,1.15,1.50,-0.26,0.65,-0.50
-2.73,6.60,9.83,-0.19,0.44,-0.42
-3.05,4.11,8.07,0.07,-0.47,-0.17
-1.92,4.95,10.01,0.02,-0.02,0.04
-1.95,5.01,9.62,0.19,-0.15,0.42
-1.39,5.33,9.63,0.10,0.29,0.08
-2.27,4.68,9.57,0.04,-0.02,0.09
-2.04,4.54,9.38,0.09,-0.17,0.21
-0.99,4.95,9.57,0.05,-0.03,0.11
-0.80,4.95,9.65,0.20,-0.27,-0.17
-0.32,4.75,9.62,-0.03,0.05,0.10
-0.56,4.75,9.88,0.14,0.01,0.31
-0.50,4.50,9.95,0.16,0.01,0.25
-0.91,4.89,9.64,0.19,-0.13,-0.15
-0.29,4.59,9.94,0.11,0.11,-0.06
-0.37,4.99,9.63,0.22,0.35,0.18
-1.07,5.34,9.38,0.27,0.03,0.04
-1.26,5.50,9.17,0.24,-0.05,-0.15
EEPROM cleared.
-0.97,6.21,9.24,0.26,-0.12,0.06
-0.55,5.47,9.08,0.30,-0.19,-0.32
0.80,7.19,10.66,0.38,0.21,-0.09
-1.98,6.43,8.33,0.22,0.69,-0.73
-4.36,3.48,6.06,-0.31,1.35,-0.61
-5.52,2.63,5.81,-0.02,0.97,-0.31
-8.38,4.09,6.31,0.45,0.53,-0.23
Failed to find MPU6050 chip
MPU6050 Found!
-0.02,0.00
-3.09,2.50,-7.94,0.14,0.01,0.05
-2.90,2.43,-7.83,0.19,0.07,-0.03
.46,-1.44,0.12,-0.04,0.03
-3.22,2.51,-7.92,0.12,-0.02,0.00
-3.09,2.50,-7.94,0.14,0.01,0.05
-2.90,2.43,-7.83,0.19,0.07,-0.03
MPU6050 Found!
MAX_SAMPLES: 170
Resuming from sample #48
Send 'd' to dump, 'c' to clear.
-0.73,0.34,-1.37,0.14,-0.22,-0.02
-4.29,1.95,-7.68,0.08,0.02,-0.07
-4.35,1.78,-7.60,0.09,0.09,-0.05
-4.12,1.80,-7.88,0.11,0.06,0.10
-3.70,2.13,-7.83,0.04,0.10,-0.03
-3.79,2.16,-7.90,0.05,0.01,0.03
EEPROM cleared.
-3.54,2.41,-7.78,0.13,0.05,0.03
-3.82,2.32,-7.63,0.14,0.07,0.03
-3.54,2.12,-8.14,0.05,0.13,0.10
-3.52,2.28,-7.68,0.01,-0.05,0.37
-3.25,2.96,-7.56,-0.21,0.27,0.12
-1.62,3.63,-7.98,-0.07,0.39,0.28
-1.58,4.25,-7.82,-0.17,0.18,0.19
MPU6050 Found!
MAX_SAMPLES: 170
Resuming from sample #43
Send 'd' to dump, 'c' to clear.
-0.36,0.76,-1.38,-0.65,0.19,-0.18
-0.80,4.65,-7.59,-0.11,-0.04,0.04
-1.18,4.85,-7.13,0.19,-0.37,0.09
-1.41,4.64,-7.57,0.31,-0.01,-0.00
-1.65,4.50,-7.48,0.02,-0.12,0.02
-1.80,4.71,-7.41,0.01,-0.15,0.07
-1.99,4.75,-7.27,0.16,0.09,-0.13
-1.64,4.82,-7.40,0.18,-0.12,0.02
-2.14,4.46,-7.53,0.16,-0.01,-0.01
-2.25,4.42,-7.24,0.27,-0.04,-0.08
-1.89,4.70,-7.46,0.21,-0.14,0.08
-2.51,4.58,-7.19,-0.09,-0.34,-0.35
-2.87,4.97,-6.61,-0.44,0.16,-0.24
-2.74,4.73,-7.04,0.43,-0.07,0.00
-3.34,4.41,-7.21,-0.08,-0.26,-0.06
-3.44,5.21,-6.46,-0.01,-0.08,0.04
-3.79,5.12,-6.47,0.10,-0.25,-0.04
-3.89,4.91,-6.51,0.27,0.02,-0.09
-3.88,4.76,-6.57,0.13,0.02,-0.06
-4.01,4.72,-6.50,0.08,0.03,-0.04
-3.94,4.79,-6.48,0.10,0.12,-0.03
-3.54,4.70,-6.64,0.25,0.07,-0.01
-3.80,4.30,-7.04,0.05,-0.07,0.03
-3.62,4.75,-6.70,0.10,0.11,0.07
-3.54,4.79,-6.61,0.09,-0.03,0.11
-3.37,4.80,-6.80,0.20,-0.09,0.16
-3.57,4.82,-6.51,0.14,-0.06,0.05
-3.28,5.09,-6.76,0.07,0.06,0.00
MPU6050 Found!
-0.06,-0.00
-3.29,5.03,-6.73,0.13,-0.02,0.03
-3.28,5.02,-6.68,0.13,-0.02,0.02
8,-1.22,0.14,-0.00,0.01
-3.28,5.00,-6.76,0.07,-0.06,-0.00
-3.29,5.03,-6.73,0.13,-0.02,0.03
-3.28,5.02,-6.68,0.13,-0.02,0.02
MPU6050 Found!
MAX_SAMPLES: 170
Resuming from sample #75
Send 'd' to dump, 'c' to clear.
-0.61,0.88,-1.22,0.10,0.17,-0.10
-3.30,5.53,-6.32,0.27,-0.01,0.30
-2.85,5.26,-6.81,-0.02,0.08,-0.01
EEPROM cleared.
-2.85,5.72,-6.34,0.03,-0.06,0.10
-2.83,5.66,-6.26,0.07,0.24,-0.22
-3.03,5.80,-6.39,0.17,0.01,0.05
-3.07,5.25,-6.54,0.18,0.00,0.09
MPU6050 Found!
MAX_SAMPLES: 170
Resuming from sample #62
Send 'd' to dump, 'c' to clear.
-0.59,-0.25,-1.51,0.03,0.05,0.04
-3.14,-1.23,-8.29,0.14,0.05,-0.13
=== EEPROM DUMP START ===
Samples stored: 64
ax,ay,az,gx,gy,gz
-2.8515,5.7245,-6.3446,0.0293,-0.0624,0.0994
-2.8347,5.6599,-6.2608,0.0693,0.2398,-0.2246
-3.0287,5.7988,-6.3853,0.1724,0.0115,0.0514
-3.0694,5.2505,-6.5410,0.1769,0.0035,0.0914
-3.1005,5.9328,-6.1483,0.0040,0.1849,0.1138
-3.1196,7.9583,-7.2113,0.4341,0.3083,0.0013
-2.1380,5.2912,-8.3869,0.7115,-0.7059,0.3238
-4.0630,3.9576,-8.1283,-0.1956,-2.0203,0.3038
-6.5362,3.5051,-2.0518,-0.2593,-0.9097,0.5103
-6.5697,4.6998,-1.7980,-0.3126,-0.3488,0.8543
-6.9049,13.7403,-3.5769,-0.1087,-0.2054,0.0008
-3.5793,6.9743,-2.3463,-0.0232,0.6821,-0.4056
-2.2721,7.6758,-3.2154,-0.5883,0.2068,0.2406
-4.8626,8.1570,-2.7198,0.3222,-0.6965,-0.1476
-4.5394,8.0469,-0.7614,0.9454,-1.4192,0.4429
-3.4716,9.1506,0.8763,0.5377,-1.2356,0.8593
-2.7150,9.0166,0.8835,0.4908,-0.7578,0.4373
-2.0470,9.0309,0.9218,0.9044,-0.3770,-0.0682
0.4429,1.8268,3.3064,1.5479,-0.0384,-0.1268
-0.2658,7.6351,-3.6488,0.6297,0.3675,-0.0991
-11.0085,10.7859,-16.0795,3.3276,-0.6678,-1.2822
-7.3047,0.9673,-0.9026,0.3352,-2.4709,0.8897
-18.0882,8.5832,-2.6528,0.9785,-0.1596,1.3350
-8.8897,4.5705,-0.0407,-0.9968,-0.3445,0.5047
-8.7915,5.9256,0.3759,-0.3738,0.1913,-0.0600
-9.6750,4.7070,0.8954,0.6901,0.2212,-0.1551
-9.4691,2.6935,-1.4461,0.7970,1.1175,0.5473
-4.7836,4.2617,-4.6256,0.4636,0.7136,0.9225
-2.1715,5.6743,-7.1994,-0.0466,1.1791,-1.0094
-0.3783,6.5003,-8.9447,0.4900,0.2790,-1.8588
-5.9233,-0.7638,-4.8961,0.3006,-0.5812,-0.6070
-7.7165,1.2594,-8.8322,-0.9254,0.0171,0.0706
-6.2776,1.5874,-4.7549,-0.1972,0.8106,-0.5329
-5.2337,2.2721,-6.2369,-0.4834,0.6861,0.3456
-5.8634,4.6807,-8.6455,-1.6038,1.2966,0.4762
1.3144,9.2632,-4.1396,-2.3808,0.7128,0.0258
-0.3184,10.6087,-3.0670,-0.5676,0.9467,-1.0744
0.2586,7.1635,-3.6320,0.1071,0.5540,-0.5668
-3.7589,7.4867,-1.1899,-0.3461,1.6774,-0.8388
-2.2098,7.4005,-2.6073,-0.2790,2.3523,-1.8381
-4.6998,5.2744,-3.6248,0.1330,1.5431,-1.6142
-3.9289,7.2520,-5.0973,0.0392,0.9177,-0.2193
-1.1325,5.8155,-10.8745,0.9302,0.6928,0.3576
-0.9888,2.5402,-6.3279,0.7834,-0.5494,0.7965
-0.4022,4.1300,-6.7349,0.8037,-0.7144,1.3211
-5.6647,3.6224,-8.6598,1.7253,-0.6771,1.9899
-5.0135,-2.7797,-7.1850,1.0581,0.1628,0.4788
-1.6209,-3.3255,-7.0174,-0.4514,-0.0586,0.8116
-1.3360,0.6871,-10.2232,-1.1890,-0.7456,1.0312
-1.9201,3.0670,-4.9632,0.2438,0.0717,0.3067
-3.4261,6.3949,-6.3183,-0.0203,0.2164,0.3360
-2.5714,6.6391,-5.8586,0.6006,0.5617,0.1825
-0.5818,5.1739,-7.6638,1.0541,0.6411,-0.3547
0.2322,1.3024,-9.3781,0.8154,0.2454,-0.4469
0.7685,0.3519,-9.3494,0.1476,0.0954,-0.1852
0.0455,1.5060,-8.9016,-0.0605,-0.0893,0.0024
-0.4238,1.9130,-8.5018,0.1482,-0.0163,0.0019
-0.1772,1.6903,-8.9280,0.2825,-0.1559,0.1140
-0.0934,2.2051,-8.3821,0.9348,-0.3738,-0.0674
-1.0774,-0.6129,-8.9687,0.6965,-0.6406,0.1375
-3.0382,-0.6776,-8.1977,0.5761,-0.6033,-0.0365
-4.1061,-1.9393,-7.6854,0.1889,-0.0997,-0.2566
-0.5938,-0.2466,-1.5107,0.0333,0.0514,0.0445
-3.1436,-1.2306,-8.2887,0.1444,0.0480,-0.1343
=== EEPROM DUMP END ===
-3.01,-1.73,-8.33,0.13,-0.10,-0.04
-3.19,-1.35,-8.29,0.04,-0.01,0.06
-3.26,-0.86,-8.25,0.04,-0.05,0.05
-3.37,-1.05,-8.16,0.10,-0.02,-0.01
-3.41,-0.92,-8.19,0.11,-0.03,0.01
-3.46,-0.69,-8.20,0.12,-0.15,-0.02
-3.71,-1.01,-8.13,0.77,0.19,0.07
-3.23,-2.12,-8.28,0.29,0.10,0.04
-2.96,-2.00,-8.15,0.17,0.03,-0.05
-3.06,-2.21,-8.24,0.12,-0.01,0.00
-3.07,-2.08,-8.20,0.08,-0.02,-0.03
-3.05,-2.04,-8.13,0.13,0.01,-0.00
