MPU6050 Found!
MAX_SAMPLES: 170
Resuming from sample #170
Send 'd' to dump, 'c' to clear.
0.20,1.15,1.50,-0.26,0.65,-0.50
-2.73,6.60,9.83,-0.19,0.44,-0.42
-3.05,4.11,8.07,0.07,-0.47,-0.17
-1.92,4.95,10.01,0.02,-0.02,0.04
-1.95,5.01,9.62,0.19,-0.15,0.42
-1.39,5.33,9.63,0.10,0.29,0.08
-2.27,4.68,9.57,0.04,-0.02,0.09
-2.04,4.54,9.38,0.09,-0.17,0.21
-0.99,4.95,9.57,0.05,-0.03,0.11
-0.80,4.95,9.65,0.20,-0.27,-0.17
-0.32,4.75,9.62,-0.03,0.05,0.10
-0.56,4.75,9.88,0.14,0.01,0.31
-0.50,4.50,9.95,0.16,0.01,0.25
-0.91,4.89,9.64,0.19,-0.13,-0.15
-0.29,4.59,9.94,0.11,0.11,-0.06
-0.37,4.99,9.63,0.22,0.35,0.18
-1.07,5.34,9.38,0.27,0.03,0.04
-1.26,5.50,9.17,0.24,-0.05,-0.15
EEPROM cleared.
-0.97,6.21,9.24,0.26,-0.12,0.06
-0.55,5.47,9.08,0.30,-0.19,-0.32
0.80,7.19,10.66,0.38,0.21,-0.09
-1.98,6.43,8.33,0.22,0.69,-0.73
-4.36,3.48,6.06,-0.31,1.35,-0.61
-5.52,2.63,5.81,-0.02,0.97,-0.31
-8.38,4.09,6.31,0.45,0.53,-0.23
Failed to find MPU6050 chip
MPU6050 Found!
-0.02,0.00
-3.09,2.50,-7.94,0.14,0.01,0.05
-2.90,2.43,-7.83,0.19,0.07,-0.03
.46,-1.44,0.12,-0.04,0.03
-3.22,2.51,-7.92,0.12,-0.02,0.00
-3.09,2.50,-7.94,0.14,0.01,0.05
-2.90,2.43,-7.83,0.19,0.07,-0.03
MPU6050 Found!
MAX_SAMPLES: 170
Resuming from sample #48
Send 'd' to dump, 'c' to clear.
-0.73,0.34,-1.37,0.14,-0.22,-0.02
-4.29,1.95,-7.68,0.08,0.02,-0.07
-4.35,1.78,-7.60,0.09,0.09,-0.05
-4.12,1.80,-7.88,0.11,0.06,0.10
-3.70,2.13,-7.83,0.04,0.10,-0.03
-3.79,2.16,-7.90,0.05,0.01,0.03
EEPROM cleared.
-3.54,2.41,-7.78,0.13,0.05,0.03
-3.82,2.32,-7.63,0.14,0.07,0.03
-3.54,2.12,-8.14,0.05,0.13,0.10
-3.52,2.28,-7.68,0.01,-0.05,0.37
-3.25,2.96,-7.56,-0.21,0.27,0.12
-1.62,3.63,-7.98,-0.07,0.39,0.28
-1.58,4.25,-7.82,-0.17,0.18,0.19
MPU6050 Found!
MAX_SAMPLES: 170
Resuming from sample #43
Send 'd' to dump, 'c' to clear.
-0.36,0.76,-1.38,-0.65,0.19,-0.18
-0.80,4.65,-7.59,-0.11,-0.04,0.04
-1.18,4.85,-7.13,0.19,-0.37,0.09
-1.41,4.64,-7.57,0.31,-0.01,-0.00
-1.65,4.50,-7.48,0.02,-0.12,0.02
-1.80,4.71,-7.41,0.01,-0.15,0.07
-1.99,4.75,-7.27,0.16,0.09,-0.13
-1.64,4.82,-7.40,0.18,-0.12,0.02
-2.14,4.46,-7.53,0.16,-0.01,-0.01
-2.25,4.42,-7.24,0.27,-0.04,-0.08
-1.89,4.70,-7.46,0.21,-0.14,0.08
-2.51,4.58,-7.19,-0.09,-0.34,-0.35
-2.87,4.97,-6.61,-0.44,0.16,-0.24
-2.74,4.73,-7.04,0.43,-0.07,0.00
-3.34,4.41,-7.21,-0.08,-0.26,-0.06
-3.44,5.21,-6.46,-0.01,-0.08,0.04
-3.79,5.12,-6.47,0.10,-0.25,-0.04
-3.89,4.91,-6.51,0.27,0.02,-0.09
-3.88,4.76,-6.57,0.13,0.02,-0.06
-4.01,4.72,-6.50,0.08,0.03,-0.04
-3.94,4.79,-6.48,0.10,0.12,-0.03
-3.54,4.70,-6.64,0.25,0.07,-0.01
-3.80,4.30,-7.04,0.05,-0.07,0.03
-3.62,4.75,-6.70,0.10,0.11,0.07
-3.54,4.79,-6.61,0.09,-0.03,0.11
-3.37,4.80,-6.80,0.20,-0.09,0.16
-3.57,4.82,-6.51,0.14,-0.06,0.05
-3.28,5.09,-6.76,0.07,0.06,0.00
MPU6050 Found!
-0.06,-0.00
-3.29,5.03,-6.73,0.13,-0.02,0.03
-3.28,5.02,-6.68,0.13,-0.02,0.02
8,-1.22,0.14,-0.00,0.01
-3.28,5.00,-6.76,0.07,-0.06,-0.00
-3.29,5.03,-6.73,0.13,-0.02,0.03
-3.28,5.02,-6.68,0.13,-0.02,0.02
MPU6050 Found!
MAX_SAMPLES: 170
Resuming from sample #75
Send 'd' to dump, 'c' to clear.
-0.61,0.88,-1.22,0.10,0.17,-0.10
-3.30,5.53,-6.32,0.27,-0.01,0.30
-2.85,5.26,-6.81,-0.02,0.08,-0.01
EEPROM cleared.
-2.85,5.72,-6.34,0.03,-0.06,0.10
-2.83,5.66,-6.26,0.07,0.24,-0.22
-3.03,5.80,-6.39,0.17,0.01,0.05
-3.07,5.25,-6.54,0.18,0.00,0.09
MPU6050 Found!
MAX_SAMPLES: 170
Resuming from sample #62
Send 'd' to dump, 'c' to clear.
-0.59,-0.25,-1.51,0.03,0.05,0.04
-3.14,-1.23,-8.29,0.14,0.05,-0.13
=== EEPROM DUMP START ===
Samples stored: 64
ax,ay,az,gx,gy,gz
-2.8515,5.7245,-6.3446,0.0293,-0.0624,0.0994
-2.8347,5.6599,-6.2608,0.0693,0.2398,-0.2246
-3.0287,5.7988,-6.3853,0.1724,0.0115,0.0514
-3.0694,5.2505,-6.5410,0.1769,0.0035,0.0914
-3.1005,5.9328,-6.1483,0.0040,0.1849,0.1138
-3.1196,7.9583,-7.2113,0.4341,0.3083,0.0013
-2.1380,5.2912,-8.3869,0.7115,-0.7059,0.3238
-4.0630,3.9576,-8.1283,-0.1956,-2.0203,0.3038
-6.5362,3.5051,-2.0518,-0.2593,-0.9097,0.5103
-6.5697,4.6998,-1.7980,-0.3126,-0.3488,0.8543
-6.9049,13.7403,-3.5769,-0.1087,-0.2054,0.0008
-3.5793,6.9743,-2.3463,-0.0232,0.6821,-0.4056
-2.2721,7.6758,-3.2154,-0.5883,0.2068,0.2406
-4.8626,8.1570,-2.7198,0.3222,-0.6965,-0.1476
-4.5394,8.0469,-0.7614,0.9454,-1.4192,0.4429
-3.4716,9.1506,0.8763,0.5377,-1.2356,0.8593
-2.7150,9.0166,0.8835,0.4908,-0.7578,0.4373
-2.0470,9.0309,0.9218,0.9044,-0.3770,-0.0682
0.4429,1.8268,3.3064,1.5479,-0.0384,-0.1268
-0.2658,7.6351,-3.6488,0.6297,0.3675,-0.0991
-11.0085,10.7859,-16.0795,3.3276,-0.6678,-1.2822
-7.3047,0.9673,-0.9026,0.3352,-2.4709,0.8897
-18.0882,8.5832,-2.6528,0.9785,-0.1596,1.3350
-8.8897,4.5705,-0.0407,-0.9968,-0.3445,0.5047
-8.7915,5.9256,0.3759,-0.3738,0.1913,-0.0600
-9.6750,4.7070,0.8954,0.6901,0.2212,-0.1551
-9.4691,2.6935,-1.4461,0.7970,1.1175,0.5473
-4.7836,4.2617,-4.6256,0.4636,0.7136,0.9225
-2.1715,5.6743,-7.1994,-0.0466,1.1791,-1.0094
-0.3783,6.5003,-8.9447,0.4900,0.2790,-1.8588
-5.9233,-0.7638,-4.8961,0.3006,-0.5812,-0.6070
-7.7165,1.2594,-8.8322,-0.9254,0.0171,0.0706
-6.2776,1.5874,-4.7549,-0.1972,0.8106,-0.5329
-5.2337,2.2721,-6.2369,-0.4834,0.6861,0.3456
-5.8634,4.6807,-8.6455,-1.6038,1.2966,0.4762
1.3144,9.2632,-4.1396,-2.3808,0.7128,0.0258
-0.3184,10.6087,-3.0670,-0.5676,0.9467,-1.0744
0.2586,7.1635,-3.6320,0.1071,0.5540,-0.5668
-3.7589,7.4867,-1.1899,-0.3461,1.6774,-0.8388
-2.2098,7.4005,-2.6073,-0.2790,2.3523,-1.8381
-4.6998,5.2744,-3.6248,0.1330,1.5431,-1.6142
-3.9289,7.2520,-5.0973,0.0392,0.9177,-0.2193
-1.1325,5.8155,-10.8745,0.9302,0.6928,0.3576
-0.9888,2.5402,-6.3279,0.7834,-0.5494,0.7965
-0.4022,4.1300,-6.7349,0.8037,-0.7144,1.3211
-5.6647,3.6224,-8.6598,1.7253,-0.6771,1.9899
-5.0135,-2.7797,-7.1850,1.0581,0.1628,0.4788
-1.6209,-3.3255,-7.0174,-0.4514,-0.0586,0.8116
-1.3360,0.6871,-10.2232,-1.1890,-0.7456,1.0312
-1.9201,3.0670,-4.9632,0.2438,0.0717,0.3067
-3.4261,6.3949,-6.3183,-0.0203,0.2164,0.3360
-2.5714,6.6391,-5.8586,0.6006,0.5617,0.1825
-0.5818,5.1739,-7.6638,1.0541,0.6411,-0.3547
0.2322,1.3024,-9.3781,0.8154,0.2454,-0.4469
0.7685,0.3519,-9.3494,0.1476,0.0954,-0.1852
0.0455,1.5060,-8.9016,-0.0605,-0.0893,0.0024
-0.4238,1.9130,-8.5018,0.1482,-0.0163,0.0019
-0.1772,1.6903,-8.9280,0.2825,-0.1559,0.1140
-0.0934,2.2051,-8.3821,0.9348,-0.3738,-0.0674
-1.0774,-0.6129,-8.9687,0.6965,-0.6406,0.1375
-3.0382,-0.6776,-8.1977,0.5761,-0.6033,-0.0365
-4.1061,-1.9393,-7.6854,0.1889,-0.0997,-0.2566
-0.5938,-0.2466,-1.5107,0.0333,0.0514,0.0445
-3.1436,-1.2306,-8.2887,0.1444,0.0480,-0.1343
=== EEPROM DUMP END ===
-3.01,-1.73,-8.33,0.13,-0.10,-0.04
-3.19,-1.35,-8.29,0.04,-0.01,0.06
-3.26,-0.86,-8.25,0.04,-0.05,0.05
-3.37,-1.05,-8.16,0.10,-0.02,-0.01
-3.41,-0.92,-8.19,0.11,-0.03,0.01
-3.46,-0.69,-8.20,0.12,-0.15,-0.02
-3.71,-1.01,-8.13,0.77,0.19,0.07
-3.23,-2.12,-8.28,0.29,0.10,0.04
-2.96,-2.00,-8.15,0.17,0.03,-0.05
-3.06,-2.21,-8.24,0.12,-0.01,0.00
-3.07,-2.08,-8.20,0.08,-0.02,-0.03
-3.05,-2.04,-8.13,0.13,0.01,-0.00
-3.25,-1.90,-8.28,-0.00,-0.08,0.03
-3.24,-1.80,-8.11,0.08,-0.04,0.03
-3.30,-1.63,-8.16,0.07,-0.03,0.05
-3.37,-1.55,-8.06,0.07,-0.03,0.03
-3.38,-1.35,-8.18,0.07,0.01,0.04
-3.28,-1.25,-8.24,0.09,0.03,0.06
-3.21,-1.11,-8.25,0.09,0.00,0.05
-3.32,-0.99,-8.32,0.07,-0.02,0.04
-3.07,-0.93,-8.35,-0.01,-0.01,-0.06
-3.25,-0.55,-8.23,0.07,-0.04,0.00
-3.35,-0.64,-8.29,0.15,-0.00,-0.07
-3.28,-0.72,-8.24,0.13,-0.02,-0.05
-3.33,-0.83,-8.24,0.14,-0.04,-0.01
-3.50,-0.77,-8.18,0.04,-0.07,0.03
-3.60,-0.47,-8.12,0.10,-0.03,0.10
-3.53,-0.26,-8.16,0.07,-0.00,0.02
-3.53,-0.20,-8.24,0.10,0.01,0.00
-3.51,-0.23,-8.24,0.15,-0.01,0.00
-3.55,-0.24,-8.16,0.13,0.02,-0.01
-3.47,-0.38,-8.25,0.21,0.02,-0.01
-3.38,-0.47,-8.25,0.15,0.00,-0.01
-3.42,-0.40,-8.20,0.11,-0.01,0.01
-3.38,-0.49,-8.30,0.06,0.00,-0.02
-3.47,-0.12,-8.11,0.08,-0.02,0.01
-3.49,-0.21,-8.20,0.15,0.00,0.02
-3.23,-0.07,-8.30,0.02,-0.02,0.00
-3.55,-0.18,-8.30,0.09,-0.04,-0.13
-3.65,-0.18,-8.08,0.23,-0.16,0.10
-4.17,0.11,-7.93,0.09,-0.13,-0.02
-4.24,-0.15,-7.84,0.08,-0.04,-0.00
-4.45,-0.09,-7.75,0.15,-0.07,-0.00
-4.49,0.07,-7.74,0.08,-0.08,0.03
-4.37,0.07,-7.91,0.00,-0.08,-0.01
-4.49,0.39,-7.71,0.09,-0.01,-0.01
-4.73,0.00,-7.75,0.15,0.01,-0.02
-4.66,0.29,-7.56,0.18,-0.07,0.03
-4.72,0.17,-7.65,0.10,-0.00,0.01
-4.55,0.36,-7.63,0.12,-0.07,-0.08
-4.85,0.05,-7.56,0.13,-0.05,-0.01
-4.85,0.14,-7.57,0.21,-0.02,-0.04
-5.13,-0.11,-7.35,0.10,-0.07,0.07
-5.30,0.30,-7.22,0.00,-0.06,-0.00
-4.64,0.49,-7.84,0.02,0.17,0.16
-4.60,1.04,-7.44,0.08,0.02,0.04
-4.50,0.94,-7.64,0.17,0.04,0.01
-4.50,0.69,-7.72,0.17,-0.00,0.02
-4.45,0.83,-7.69,0.12,0.03,0.00
-4.49,0.82,-7.72,0.07,0.08,0.03
-4.23,0.96,-7.79,0.01,0.04,0.01
-4.20,1.24,-7.77,0.06,-0.01,0.13
-4.26,1.46,-7.65,0.05,-0.05,0.11
-4.24,1.81,-7.80,-0.04,0.03,0.10
-3.73,1.76,-7.80,0.29,0.02,-0.05
-4.06,2.04,-7.74,0.38,-0.01,0.02
-4.47,0.30,-7.67,0.66,0.21,0.07
-3.28,0.14,-8.17,0.02,0.12,0.03
-2.93,0.55,-8.48,0.08,0.16,0.07
-3.24,0.73,-8.30,0.05,-0.03,0.01
-3.41,0.91,-8.11,0.08,-0.05,-0.02
-3.27,0.79,-8.23,0.16,-0.12,0.03
-3.56,0.74,-8.10,0.16,-0.07,0.03
-3.71,0.83,-8.00,0.11,-0.09,0.03
-3.74,0.81,-8.09,0.15,-0.00,0.03
-3.76,0.80,-8.07,0.11,-0.03,0.02
-3.80,0.90,-8.02,0.09,-0.03,0.02
-3.79,0.95,-8.04,0.11,0.01,-0.02
-3.84,1.00,-8.03,0.11,-0.03,0.02
-3.81,1.10,-7.91,0.09,-0.02,0.03
-3.82,1.18,-7.92,0.12,-0.01,0.06
-3.73,1.20,-7.96,0.00,0.01,0.08
-3.89,1.52,-7.89,-0.01,-0.04,0.15
-3.82,1.88,-7.91,-0.48,-0.11,0.43
-3.90,4.05,-7.00,-0.53,-0.25,0.21
-4.25,5.23,-5.82,-0.20,-0.29,0.23
-4.38,5.68,-5.24,0.16,0.06,-0.08
-4.05,4.79,-6.74,1.19,0.58,-0.41
-3.57,3.22,-7.50,0.51,0.03,0.01
-4.53,2.59,-7.13,0.04,-0.16,-0.61
-4.38,2.99,-7.32,0.20,0.23,0.22
-3.98,2.68,-7.83,0.06,-0.24,-0.00
-3.76,2.98,-7.60,0.37,0.06,0.08
-3.61,2.49,-7.80,0.30,-0.03,-0.32
-4.58,2.75,-7.50,-0.38,-0.80,-0.45
-4.50,2.38,-7.07,0.05,-0.26,-0.77
-4.33,2.04,-7.62,0.31,0.62,0.55
-3.35,2.33,-7.98,0.03,-0.08,-0.01
-3.68,2.29,-7.86,0.09,0.04,0.07
-3.32,2.53,-8.03,0.01,-0.17,-0.13
-4.82,2.12,-7.29,-0.07,-0.42,-0.13
-5.35,2.44,-6.67,0.19,0.04,0.24
-4.66,2.59,-7.16,0.31,-0.02,-0.22
-4.49,2.38,-7.37,0.18,0.45,0.23
-4.89,2.44,-7.14,-0.06,-0.26,-0.32
>>> EEPROM FULL - recording stopped <<<
-4.97,2.31,-7.09,0.29,-0.08,-0.01
-5.18,2.00,-7.09,0.22,-0.13,0.12
-5.14,2.08,-6.99,-0.08,-0.26,-0.07
-5.03,2.16,-7.12,0.09,-0.08,0.03
-5.46,2.68,-6.85,0.19,0.10,0.13
-5.09,2.78,-7.04,0.00,-0.08,-0.09
-5.25,2.45,-6.45,0.07,0.08,0.01
-4.82,2.85,-7.21,0.05,0.05,0.01
-5.36,3.19,-6.59,0.04,-0.32,-0.27
-5.90,2.08,-6.50,0.17,-0.05,-0.15
-5.81,2.60,-6.62,-0.10,-0.25,0.11
-5.84,3.19,-5.99,-0.24,-0.21,0.07
-6.12,3.75,-5.43,-0.10,-0.33,0.14
-7.06,4.02,-4.36,0.11,-0.55,-0.12
-7.84,3.58,-3.57,0.03,-0.55,-0.33
-8.36,3.15,-2.15,0.16,-0.34,-0.29
-8.96,2.74,-1.93,0.21,-0.07,-0.07
-8.79,2.53,-2.03,0.13,0.01,-0.07
-8.84,2.53,-1.96,0.14,-0.01,-0.08
-8.66,2.51,-2.23,0.36,-0.09,0.03
-8.97,2.40,-2.11,0.30,-0.18,0.05
-8.62,2.69,-2.02,0.08,0.16,0.01
-8.68,2.44,-2.02,0.27,0.01,-0.10
-8.83,1.80,-2.23,0.20,0.01,-0.07
-9.09,1.81,-2.25,0.19,0.00,-0.03
-8.73,1.95,-2.23,0.13,-0.01,0.02
-8.85,1.82,-2.14,0.13,-0.00,0.02
-9.01,1.67,-2.26,0.16,-0.08,0.18
-9.04,2.03,-1.62,-0.54,-0.40,-0.12
-9.15,2.45,-1.07,-0.02,0.08,0.06
-9.01,2.52,-1.26,0.17,0.05,0.06
-9.01,2.60,-1.37,0.21,0.08,0.03
-8.93,2.42,-1.59,0.26,0.08,0.06
-8.95,2.44,-1.86,0.30,0.17,0.01
-8.67,2.16,-2.25,0.49,0.17,0.16
-8.45,2.29,-2.92,0.30,0.14,0.23
-8.26,2.69,-3.37,0.39,0.49,0.12
-7.88,2.20,-4.14,0.57,0.46,-0.14
-7.03,2.19,-5.27,0.06,0.18,0.34
-6.76,2.94,-5.24,-0.07,0.21,0.24
-6.03,3.17,-5.85,0.20,0.20,0.22
-6.16,3.36,-5.71,0.05,-0.09,0.12
-6.10,3.57,-5.75,-0.08,-0.01,-0.02
-6.55,4.06,-4.91,0.12,-0.14,-0.03
-6.73,4.23,-4.64,-0.09,-0.25,0.09
-6.79,4.28,-4.49,0.12,-0.08,-0.05
-6.96,4.64,-3.58,-0.32,-0.42,0.19
-7.03,4.68,-3.47,0.20,0.04,-0.04
-7.16,4.83,-3.29,0.13,-0.07,0.03
-7.13,4.89,-3.38,0.17,0.05,-0.01
-7.18,4.70,-3.48,0.15,0.02,0.01
-7.07,4.81,-3.50,-0.06,0.14,-0.01
-6.71,5.29,-3.38,0.09,0.03,0.17
-6.58,4.93,-4.04,0.41,0.26,0.09
-6.63,4.61,-4.46,0.17,-0.06,0.01
-6.57,4.58,-4.31,0.12,-0.04,-0.00
-6.60,4.74,-4.05,0.10,-0.06,0.00
-6.75,4.75,-3.87,-0.21,-0.23,0.05
-6.85,4.98,-3.43,0.09,-0.07,0.01
-7.05,5.00,-3.32,0.07,-0.04,-0.03
-6.83,5.17,-3.25,0.20,-0.12,0.10
-7.19,4.87,-3.47,0.20,0.09,-0.01
-7.12,5.03,-3.19,0.11,0.03,-0.01
-6.91,5.17,-3.34,0.17,-0.02,0.05
-6.92,5.14,-3.44,0.21,-0.01,0.12
-6.72,5.31,-3.72,0.43,0.43,0.11
-6.54,4.49,-4.25,0.23,0.24,-0.28
-6.48,4.36,-4.67,0.24,0.13,-0.17
-6.53,4.33,-4.79,0.30,0.06,-0.12
-6.65,3.80,-4.90,0.21,-0.10,-0.08
-6.87,3.55,-4.78,0.18,-0.01,-0.10
-6.78,2.99,-5.38,0.10,0.15,-0.17
-6.51,3.37,-4.98,0.15,0.18,-0.22
-6.77,3.05,-5.21,0.28,-0.06,0.00
-6.76,2.60,-5.56,0.28,0.09,0.01
-6.29,2.91,-5.70,0.26,0.07,-0.04
-6.28,2.38,-6.00,0.30,0.12,-0.01
-6.22,1.66,-6.40,-0.01,-0.06,-0.04
-6.25,1.83,-6.44,0.05,0.00,0.14
-6.37,2.28,-6.21,-0.08,-0.06,0.08
-6.03,3.08,-5.86,0.08,-0.05,0.16
-6.15,3.18,-5.86,0.08,-0.05,0.18
-5.83,3.43,-5.86,0.08,-0.02,0.05
-6.01,3.31,-6.00,0.11,-0.03,-0.06
-6.26,3.20,-5.83,0.14,-0.00,-0.03
-6.30,3.20,-5.73,0.16,-0.03,-0.04
-6.18,3.50,-5.19,-0.15,0.08,-0.11
-6.59,2.86,-5.52,0.35,-0.31,0.19
-6.88,3.06,-5.41,-0.01,0.02,0.19
-6.34,3.93,-5.26,0.06,-0.00,0.31
-5.99,4.70,-5.22,-0.07,0.18,0.18
-5.45,5.02,-5.12,-0.01,0.19,0.03
MPU6050 Found!
7,-0.01,-0.01
-5.82,4.49,-5.29,0.14,0.01,-0.02
-5.85,4.46,-5.32,0.15,-0.00,-0.00
-0.96,0.14,-0.01,-0.00
-5.82,4.53,-5.30,0.17,-0.01,-0.01
-5.82,4.49,-5.29,0.14,0.01,-0.02
-5.85,4.46,-5.32,0.15,-0.00,-0.00
MPU6050 Found!
MAX_SAMPLES: 170
Resuming from sample #170
Send 'd' to dump, 'c' to clear.
-0.99,0.81,-1.01,0.21,-0.22,-0.02
-6.03,4.16,-5.42,0.08,-0.01,-0.13
-5.77,4.31,-5.41,0.12,0.04,0.08
EEPROM cleared.
-6.26,4.57,-4.95,0.11,0.01,0.00
-6.21,4.13,-5.36,0.08,0.05,0.03
-5.47,4.93,-5.23,0.02,0.13,0.07
-5.39,4.85,-5.48,0.10,0.06,0.02
-5.50,4.81,-5.41,0.16,-0.06,0.02
-5.84,4.70,-5.15,0.09,-0.02,0.11
MPU6050 Found!
MAX_SAMPLES: 170
Resuming from sample #76
Send 'd' to dump, 'c' to clear.
-0.38,0.01,-1.58,0.17,-0.04,0.01
=== EEPROM DUMP START ===
Samples stored: 77
ax,ay,az,gx,gy,gz
-6.2608,4.5729,-4.9464,0.1130,0.0120,0.0024
-6.2106,4.1252,-5.3606,0.0821,0.0520,0.0296
-5.4660,4.9344,-5.2313,0.0192,0.1316,0.0695
-5.3870,4.8459,-5.4755,0.1023,0.0629,0.0245
-5.4971,4.8052,-5.4061,0.1636,-0.0578,0.0179
-5.8442,4.7022,-5.1475,0.0874,-0.0245,0.1124
-5.2409,5.2265,-5.2481,0.0269,0.0648,0.0618
-5.1332,5.5857,-5.5258,-0.1596,-0.2465,0.1005
-7.0006,5.4229,-3.9025,1.1207,0.3938,0.5396
-2.8850,10.0365,-6.0286,0.4306,0.1644,-0.5129
-5.5067,1.9345,-8.5042,1.0848,-0.3677,-1.4301
-5.5210,-1.6664,-6.6200,-0.2630,-0.6089,-0.6880
-7.7524,-1.3455,-3.6105,-0.4967,-0.6273,0.2638
-8.4324,1.1588,-2.1644,-0.2236,-0.1596,0.7528
-8.2528,1.1325,-1.5754,-0.1884,0.0917,0.8263
-7.6662,7.0102,-5.5809,-0.1940,0.2822,0.9044
-3.6919,4.3503,-4.1132,0.6254,-0.9435,0.6749
-4.4867,8.5186,-2.8323,-0.7053,-1.0152,0.5329
-6.1914,8.2073,-0.7039,-0.7080,-0.3976,-0.1242
-5.8083,5.5067,-0.9242,0.3589,0.9523,0.0536
-5.0182,5.7509,-1.3647,-0.5441,1.1602,-0.3403
-9.4523,14.3892,-3.9097,-1.3310,1.2430,-0.7634
-2.0375,5.5881,-1.5036,-0.6371,1.7965,-0.9633
-1.9728,8.3773,-4.5083,-0.7218,0.4066,0.2177
-3.6943,4.6567,-1.9369,0.2262,0.1572,-0.0370
-5.6479,7.3909,-2.6576,-0.1860,0.2582,-0.1759
-5.5498,7.5489,-0.9481,-0.0274,-0.2228,0.5009
-4.2593,6.8067,0.0000,-0.4167,0.0037,-0.6360
-6.1076,2.9233,5.0087,2.0462,-0.1013,-0.3147
-6.7684,6.9456,-6.2465,0.5140,-0.3403,1.0416
-10.0006,3.4213,7.0749,-0.4101,1.7717,-0.0645
1.0654,7.1323,-25.9460,-0.5705,6.2270,1.0243
9.3996,11.8537,-9.8497,-3.7467,-3.4475,-1.0523
0.1867,8.9998,2.6743,-1.9063,1.3395,-1.6302
-1.2833,10.2855,1.0894,0.7402,0.2579,0.3078
0.7997,10.6135,-0.1748,1.1794,-0.1527,0.7011
2.0518,9.3206,-4.5490,1.0155,0.7746,-1.6236
1.0056,7.9009,-6.1435,0.0597,-0.2555,-2.0190
-4.6495,2.7869,-2.6360,0.1868,0.0485,-1.1295
-4.6974,8.8370,-2.3679,-0.2217,0.5185,0.8468
-2.3870,6.2201,-5.9807,1.2793,0.6331,1.6140
0.0048,4.7405,-9.3781,0.3520,0.3179,0.5702
1.6807,4.5250,-7.7189,0.0464,-0.0829,-0.7669
0.5674,6.1746,-6.2153,-1.0946,-0.4860,-0.9734
-2.7629,8.8681,-3.7900,0.0211,-1.8985,-0.5777
-8.5066,3.6583,-2.6025,0.2116,-0.0602,0.5404
-4.6088,6.1172,-2.5642,0.3792,0.3072,0.5305
-4.5298,7.7644,-3.5458,0.1303,-0.3325,0.2707
-1.1013,9.8114,-3.9768,0.4037,-0.0408,0.1231
-3.4405,10.0389,-4.9488,0.0610,0.0703,-0.0504
0.5315,6.9168,-4.7980,0.0064,0.6382,-0.6078
-0.8882,5.1356,-4.4293,-0.6081,1.0472,-1.5703
-9.1866,4.3551,-4.9009,0.2555,-0.2635,-0.5526
-5.2337,4.8339,-2.8012,0.0378,0.3848,-0.2310
-5.8562,5.7485,-3.6009,0.0043,0.3038,-0.1026
-5.2026,6.9384,-4.3335,-0.2078,0.5247,0.0799
-2.2769,5.9687,-5.2505,0.5353,-0.0453,0.1495
-2.2290,6.1603,-4.4604,0.4242,-0.2081,0.0957
-2.3056,6.8211,-5.0039,0.2838,-0.6113,0.2625
-5.7796,5.9352,-5.6671,0.5065,-0.6320,0.6328
-4.8914,4.9967,-4.5681,0.1839,-0.2990,0.3706
-5.8969,9.0309,-7.3741,0.0469,-0.1015,0.4373
-2.0255,4.8195,-5.1427,1.2220,-0.3557,0.3046
-2.9712,4.9656,-5.7078,0.8383,-0.3701,0.6800
-5.5737,7.4819,-7.2353,1.3576,-0.5790,1.3390
-4.4173,0.7901,-4.6328,1.3968,0.2030,1.1938
-2.3320,-0.0551,-7.3263,0.9212,0.6241,0.6861
1.1301,-3.8331,-9.9264,1.1964,0.7757,1.6228
3.0981,-3.9361,-9.7731,0.1913,0.7895,0.9108
3.5554,-1.2330,-8.3869,0.0029,0.2702,0.9545
3.9816,-1.0750,-8.1834,-0.1407,0.0253,1.2526
3.8882,-2.3296,-7.3215,0.5585,0.1279,1.3776
-0.5124,-3.1891,-7.5992,-0.6702,-1.2353,0.7480
-9.0094,4.6495,-14.8656,-0.1058,-0.2825,0.5412
-3.4716,0.9146,-9.3230,-0.3211,-0.2038,-0.1386
-0.9529,1.7071,-7.6806,0.4533,-0.0093,-0.0991
-0.3807,0.0072,-1.5826,0.1745,-0.0384,0.0133
=== EEPROM DUMP END ===
-1.92,0.28,-8.75,0.13,-0.01,0.06
-1.71,0.57,-8.85,0.04,-0.16,0.23
-2.25,0.51,-8.69,0.01,-0.16,0.24
-3.34,0.79,-8.32,0.25,-0.42,0.22
-3.65,0.69,-8.32,0.30,-0.09,0.29
-2.69,0.73,-8.42,0.56,0.17,-0.20
-2.97,-1.18,-8.69,0.70,0.36,-0.10
-2.09,-1.28,-8.77,0.26,0.14,-0.06
-1.92,-1.24,-8.81,0.20,0.08,-0.08
-1.79,-1.35,-8.64,0.20,0.05,-0.02
-1.82,-1.61,-8.68,0.16,0.01,-0.00
-1.70,-1.55,-8.62,0.18,0.02,0.00
-1.63,-1.58,-8.66,0.14,0.02,-0.02
-1.52,-1.53,-8.62,0.13,0.02,0.00
-1.48,-1.59,-8.69,0.11,-0.02,0.02
-1.58,-1.46,-8.76,0.10,-0.04,0.02
-1.68,-1.40,-8.71,0.04,-0.08,0.07
-1.91,-1.18,-8.70,0.03,-0.07,0.04
-2.43,-0.59,-8.50,0.56,-0.14,-0.53
-2.42,-1.73,-8.26,0.40,0.09,0.17
-2.26,-1.98,-8.51,0.09,0.02,0.06
-2.18,-1.87,-8.51,0.13,0.01,0.03
-2.24,-1.82,-8.50,0.09,0.00,0.03
-2.26,-1.70,-8.53,0.08,-0.02,0.04
-2.28,-1.58,-8.54,0.10,-0.02,0.03
-2.99,-1.71,-8.41,-0.38,-0.42,0.91
-2.60,-0.49,-9.92,-0.25,1.74,-1.64
-1.69,-0.10,-9.27,0.40,0.07,-0.49
-0.03,-0.33,-9.05,0.16,0.07,-0.32
0.10,-0.41,-8.95,0.12,0.01,-0.05
0.76,0.23,-9.44,0.76,-0.44,0.34
-0.92,-1.53,-8.90,0.42,-0.16,0.44
-1.58,-1.51,-8.68,0.06,-0.03,0.31
-1.43,-1.25,-8.79,0.00,0.02,0.16
-1.46,-0.98,-8.79,-0.00,0.05,0.05
-1.33,-0.68,-8.79,0.05,0.00,0.08
-1.18,-0.57,-9.05,-0.04,0.01,0.15
-1.59,-0.08,-8.61,0.02,-0.25,-0.09
-1.98,-0.17,-8.71,0.15,-0.03,0.04
-2.18,-0.10,-8.64,0.07,-0.03,0.12
-2.00,-0.04,-8.62,-0.02,-0.07,0.12
-1.95,0.07,-8.82,0.07,0.02,0.07
-2.09,0.19,-8.96,-0.07,0.05,0.18
-0.88,0.17,-8.89,0.36,0.21,-0.40
-1.15,-0.45,-8.88,0.27,0.01,-0.08
-1.09,-0.91,-9.03,0.17,-0.00,-0.02
-1.24,-0.61,-8.82,0.16,-0.01,-0.07
-1.19,-0.79,-8.91,0.16,0.02,0.03
-1.02,-0.75,-8.82,0.16,0.08,0.06
-0.91,-0.82,-8.92,0.22,0.05,0.00
-0.72,-1.00,-8.95,0.18,0.10,0.02
-0.61,-1.13,-8.88,0.15,0.00,0.04
-0.62,-1.13,-8.91,0.18,-0.01,0.03
-0.58,-1.11,-8.89,0.14,-0.01,-0.03
-0.72,-1.20,-8.89,0.16,-0.03,0.02
-0.79,-1.17,-8.82,0.14,-0.00,0.02
-0.68,-1.16,-8.92,0.15,0.01,-0.00
-0.72,-1.17,-8.85,0.12,-0.01,-0.04
-0.70,-1.15,-8.89,0.13,-0.00,0.01
-0.68,-1.07,-8.88,0.13,0.00,-0.00
-0.63,-1.07,-8.87,0.15,0.01,0.01
-0.64,-1.21,-8.94,0.16,0.02,0.02
-0.51,-1.20,-8.92,0.12,0.02,0.01
-0.13,-1.28,-8.93,0.28,0.14,0.06
-0.46,-1.70,-9.05,0.21,-0.07,-0.10
-0.79,-1.50,-8.79,0.21,-0.13,-0.09
-1.08,-1.64,-8.54,0.16,-0.04,-0.11
-1.01,-1.79,-8.74,0.12,0.02,-0.04
-1.10,-1.84,-8.76,0.02,-0.03,-0.01
-0.76,-1.63,-8.84,0.12,0.05,-0.09
-0.76,-1.31,-8.74,0.15,-0.06,-0.01
-1.07,-1.69,-8.81,0.14,-0.03,0.01
-1.09,-1.57,-8.74,0.09,0.03,-0.02
-0.97,-1.39,-8.81,0.12,-0.01,0.03
-1.22,-1.39,-8.87,0.12,-0.06,0.02
-1.12,-1.39,-8.77,0.15,0.01,-0.01
-1.22,-1.23,-8.74,0.11,-0.01,-0.05
-1.17,-1.34,-8.79,0.08,0.01,-0.01
-1.08,-1.24,-8.79,0.14,0.03,0.04
-1.01,-1.18,-8.82,0.13,-0.00,-0.00
-1.19,-1.46,-8.80,0.16,-0.01,0.01
-0.93,-0.95,-9.01,0.12,-0.01,-0.01
-0.88,-1.63,-8.88,0.14,0.13,0.04
-0.87,-1.12,-9.00,0.11,-0.10,0.06
-0.84,-0.89,-8.88,0.10,0.01,-0.09
-0.89,-1.39,-8.85,0.07,0.09,0.05
-0.91,-1.02,-8.85,0.12,-0.05,-0.06
-0.78,-1.28,-8.94,0.17,0.05,-0.00
-0.82,-1.25,-8.85,0.15,-0.01,0.03
-0.71,-1.30,-8.91,0.13,0.03,0.02
-0.65,-1.16,-8.88,0.13,0.01,-0.00
-0.74,-1.16,-8.85,0.07,-0.03,-0.02
>>> EEPROM FULL - recording stopped <<<
-0.76,-0.99,-8.93,0.10,-0.03,0.01
-0.99,-0.90,-8.84,0.13,-0.08,0.11
-0.93,-1.20,-9.16,0.16,0.11,0.05
-0.82,-0.65,-8.78,0.08,0.13,-0.04
-0.85,-0.94,-9.01,0.10,-0.06,0.06
-0.66,-0.79,-8.99,0.07,0.04,0.02
-0.86,-0.44,-8.91,0.07,-0.03,0.06
-0.98,-0.05,-8.66,0.09,0.05,-0.00
-1.16,-0.35,-8.85,0.11,-0.03,0.06
-1.02,-0.24,-8.95,0.04,-0.03,0.08
-1.29,-0.05,-8.99,-0.14,-0.08,0.15
-1.30,0.80,-8.94,-0.09,-0.05,0.09
-1.24,1.02,-8.60,-0.02,0.02,-0.00
-0.99,0.81,-9.10,-0.02,-0.05,0.14
-1.24,1.37,-8.76,0.06,0.02,0.17
-1.35,1.70,-8.74,-0.29,-0.09,0.12
-1.53,2.66,-8.52,0.05,0.07,-0.04
-1.25,2.35,-8.71,0.06,-0.01,0.01
-1.22,2.72,-8.39,0.09,0.09,-0.02
-0.94,2.61,-8.60,0.16,0.03,0.02
-1.13,2.75,-8.57,0.10,-0.00,0.03
-1.14,2.58,-8.49,0.33,0.05,-0.20
-1.17,2.73,-8.34,0.16,-0.29,-0.09
-1.72,2.07,-8.57,0.25,-0.09,-0.09
-1.89,1.84,-8.64,0.20,-0.04,-0.02
-1.98,2.08,-8.78,0.36,0.29,0.17
-0.50,0.75,-9.17,0.20,0.09,-0.58
-1.29,1.14,-8.55,0.33,-0.06,-0.01
-1.90,0.61,-8.54,0.19,-0.27,0.23
-2.03,0.55,-8.65,0.00,0.03,-0.05
-1.89,1.19,-8.51,-0.11,-0.06,-0.11
-2.02,1.29,-8.62,0.16,-0.23,0.12
-2.45,1.20,-8.62,0.17,-0.04,0.06
-2.25,1.21,-8.49,0.15,-0.04,-0.04
-2.37,1.40,-8.63,-0.05,-0.01,-0.18
-2.71,1.73,-8.40,0.10,-0.09,-0.02
-2.89,1.35,-8.36,0.16,-0.20,0.16
-3.04,1.39,-8.29,0.22,-0.07,0.13
-2.87,1.33,-8.39,0.17,0.00,0.10
-2.64,1.20,-8.46,0.16,-0.19,0.05
-3.66,1.58,-8.15,0.11,-0.13,0.06
-3.68,1.69,-7.97,0.09,-0.07,0.01
-3.71,1.94,-7.90,0.16,-0.06,-0.00
-3.63,1.54,-8.07,0.19,0.04,-0.05
-3.67,1.40,-8.07,0.18,0.04,0.03
-3.39,1.00,-8.26,0.40,0.21,-0.13
-3.47,0.82,-8.29,0.20,-0.01,0.02
-3.21,0.95,-8.27,0.07,-0.02,-0.02
-3.41,1.10,-8.19,0.02,-0.06,0.07
-3.47,1.28,-8.13,0.06,-0.07,0.02
-3.57,1.43,-8.07,0.07,-0.06,0.03
-3.59,1.51,-8.11,0.18,-0.13,-0.03
-3.98,1.30,-7.85,0.33,0.01,0.01
-4.01,1.32,-8.00,-0.02,-0.03,0.00
-4.04,1.80,-8.09,-0.06,0.05,-0.01
-3.50,2.26,-7.56,0.33,0.28,0.86
-3.49,3.05,-7.87,-0.19,0.74,-0.45
-2.62,2.73,-8.29,-0.05,0.33,0.06
-2.43,3.39,-7.78,0.17,0.07,-0.08
-1.98,3.43,-8.09,0.40,0.07,-0.02
-1.76,2.53,-8.54,0.15,0.01,0.04
-1.93,2.11,-8.59,0.16,0.01,0.02
-1.95,2.21,-8.49,0.25,-0.02,0.03
-2.01,2.15,-8.49,0.22,-0.07,0.06
-2.00,1.99,-8.70,0.11,0.07,-0.03
-1.94,1.97,-8.47,0.30,0.02,0.06
-1.29,1.41,-8.79,0.39,0.28,0.10
-1.01,1.12,-8.85,0.15,0.01,-0.05
-0.96,0.77,-8.90,0.38,0.12,0.07
-0.80,0.56,-8.92,0.12,-0.04,-0.02
-1.00,0.76,-9.02,-0.06,-0.08,0.01
-1.16,1.19,-8.80,0.06,-0.06,0.01
-1.30,1.30,-8.82,0.08,-0.15,0.07
-1.44,1.53,-8.63,-0.04,-0.07,0.02
-1.63,1.98,-8.61,-0.06,-0.11,0.04
-1.78,1.91,-8.53,0.29,-0.00,0.01
-1.75,2.07,-8.47,-0.03,-0.07,0.09
-1.74,1.93,-8.66,0.13,-0.02,0.03
-1.74,2.01,-8.52,0.24,0.01,0.01
-1.79,1.95,-8.57,0.16,0.02,-0.02
-1.89,2.07,-8.46,0.13,-0.01,0.02
-1.70,1.82,-8.56,0.21,0.05,-0.02
-1.66,1.72,-8.64,0.11,-0.02,0.02
-1.56,1.64,-8.70,0.19,0.05,-0.01
-1.64,1.78,-8.66,0.13,0.03,0.03
-1.58,1.74,-8.66,0.19,0.10,0.05
-1.00,1.78,-8.82,0.04,0.10,-0.30
-0.87,1.73,-8.77,0.17,-0.03,-0.15
-1.33,1.75,-8.64,0.08,-0.19,-0.03
-1.71,1.64,-8.56,0.14,-0.10,-0.00
-1.75,1.60,-8.64,0.18,0.01,-0.01
-1.64,1.55,-8.69,0.13,0.03,0.03
-1.58,1.65,-8.66,0.18,0.02,0.01
-1.58,1.46,-8.79,0.21,0.05,0.02
-1.44,1.37,-8.72,0.24,0.04,0.06
-1.28,1.11,-8.93,0.18,-0.03,0.06
-1.19,0.98,-8.79,0.18,0.01,0.06
-1.54,1.04,-8.78,0.19,-0.02,-0.02
-1.48,1.34,-8.73,0.14,0.01,0.05
-1.30,1.01,-8.82,0.17,0.06,0.03
-1.26,1.11,-8.78,0.16,0.02,-0.01
-1.28,1.03,-8.83,0.12,-0.05,0.03
-1.33,1.00,-8.79,0.21,0.00,0.00
-1.29,0.78,-8.92,0.17,0.02,-0.00
-1.29,0.77,-8.88,0.13,0.00,-0.00
-1.21,0.89,-8.87,0.11,-0.01,0.02
-1.33,1.11,-8.86,0.09,0.01,-0.00
-1.83,1.31,-8.55,-0.23,0.10,-0.39
MPU6050 Found!
15,-0.08,0.07
-2.29,3.72,-7.82,-0.02,-0.05,0.05
-2.39,3.80,-7.84,0.07,-0.01,-0.03
1.48,-0.08,-0.11,0.05
-2.42,2.95,-8.22,-0.15,-0.08,0.07
-2.29,3.72,-7.82,-0.02,-0.05,0.05
-2.39,3.80,-7.84,0.07,-0.01,-0.03
MPU6050 Found!
MAX_SAMPLES: 170
Resuming from sample #170
Send 'd' to dump, 'c' to clear.
-0.49,0.63,-1.41,0.17,0.01,0.01
-2.64,3.54,-7.85,0.15,0.01,0.00
-2.60,3.45,-7.88,0.15,0.00,0.00
-2.65,3.39,-7.92,0.14,0.00,-0.00
-2.68,3.41,-7.87,0.16,-0.02,-0.00
-2.70,3.43,-7.93,0.15,-0.00,-0.00
-2.75,3.29,-7.92,0.13,-0.02,0.00
EEPROM cleared.
-2.66,3.45,-7.92,0.14,0.03,0.00
-2.81,3.25,-7.79,0.11,0.00,-0.01
-2.92,3.23,-7.96,0.23,-0.01,0.11
-2.55,3.07,-8.08,0.13,0.39,-0.12
-1.78,3.32,-8.04,0.11,0.33,-0.07
-1.40,3.83,-8.43,0.15,-0.04,0.19
-1.45,3.86,-7.96,0.10,-0.01,0.02
-0.99,3.50,-8.15,0.13,-0.07,0.01
-1.15,3.65,-8.46,0.13,0.00,-0.01
-1.85,3.78,-7.60,0.09,-0.18,-0.11
-2.80,3.30,-7.73,-0.09,-0.14,0.11
-2.03,4.51,-7.76,-0.09,0.27,0.28
MPU6050 Found!
MAX_SAMPLES: 170
Resuming from sample #89
Send 'd' to dump, 'c' to clear.
0.03,-0.25,-1.53,0.09,0.24,-0.31
0.65,-1.87,-9.39,0.30,-0.01,-0.14
0.36,-1.64,-8.72,0.08,0.03,-0.03
0.57,-2.01,-8.99,0.22,-0.03,-0.02
=== EEPROM DUMP START ===
Samples stored: 93
ax,ay,az,gx,gy,gz
-2.6624,3.4477,-7.9224,0.1396,0.0250,0.0000
-2.8132,3.2465,-7.7859,0.1082,0.0045,-0.0136
-2.9233,3.2274,-7.9559,0.2316,-0.0091,0.1092
-2.5522,3.0718,-8.0804,0.1290,0.3856,-0.1212
-1.7813,3.3184,-8.0397,0.1111,0.3264,-0.0701
-1.4030,3.8307,-8.4324,0.1545,-0.0360,0.1937
-1.4461,3.8595,-7.9583,0.0983,-0.0091,0.0234
-0.9888,3.4979,-8.1451,0.1322,-0.0650,0.0123
-1.1540,3.6464,-8.4587,0.1295,0.0040,-0.0099
-1.8531,3.7781,-7.5968,0.0861,-0.1828,-0.1116
-2.8012,3.2992,-7.7333,-0.0927,-0.1415,0.1114
-2.0303,4.5083,-7.7572,-0.0885,0.2731,0.2830
0.1508,6.4212,-9.7061,0.8663,0.2963,-0.3168
0.0311,1.9513,-10.3669,0.9387,-0.3035,0.0176
-3.0694,0.1221,-9.4882,0.8100,-0.4679,0.5891
-3.7445,-0.1628,-5.0613,-0.4090,-0.4999,0.5335
-5.1811,1.3599,-5.9209,-0.3243,-0.0184,0.7389
-4.8746,4.5633,-6.7900,-0.4205,-0.3072,0.3150
-2.5546,6.7349,-7.6998,0.6006,-1.0112,0.7802
-2.9305,6.0023,-5.3415,0.2470,-0.4234,0.6507
-2.8276,5.7772,-4.6088,0.1609,-0.2721,0.4290
-4.5825,9.2057,-7.7476,-0.1492,-0.1071,0.1809
-3.2537,5.7317,-5.7940,0.0842,0.5289,-0.1988
-3.1843,5.8706,-5.3223,0.4061,0.9276,-0.9862
-3.5698,6.2393,-8.6335,0.3232,0.6923,-0.4522
-0.0575,4.8722,-7.3047,-0.2886,0.4362,-0.3792
-0.6943,4.6926,-6.5888,-0.1793,0.2870,-0.6249
-1.4533,5.3822,-8.5808,-0.3560,0.1617,-0.1681
-1.7645,2.8419,-8.0158,-0.0624,0.0743,0.1617
-2.4397,4.6543,-5.9209,0.1082,-0.0608,0.0163
-3.2082,5.3582,-8.3701,-0.2867,0.0802,-0.2057
-0.1508,5.8921,-8.6742,0.0200,-0.0173,0.0203
-2.2027,4.8387,-5.5162,0.2883,-0.3035,0.0879
-2.7725,7.3406,-6.8785,-0.1228,-0.2326,0.0509
-4.6064,5.7820,-7.3598,0.6891,0.0410,-0.1532
-3.1125,4.8435,-5.8610,-0.0354,0.0783,0.0967
-2.9305,6.2297,-6.4835,-0.1761,0.0650,-0.0360
-0.7159,6.7732,-7.6399,0.3714,0.0242,-0.1498
-2.2505,4.6902,-5.0111,0.3656,-0.3730,-0.2510
-2.7150,5.9185,-6.1172,-0.1399,-0.1796,0.0517
-2.6695,5.7102,-8.0445,0.1356,-0.0783,0.1386
-2.1883,4.2521,-6.5673,0.3848,0.1092,0.2912
-2.8395,4.5849,-6.3734,0.0077,0.0384,-0.1239
-2.7126,6.0980,-8.3893,-0.3315,-0.1559,-0.1327
-1.3791,4.7046,-5.8131,0.3557,0.1175,-0.4946
-1.9968,4.9225,-6.3710,-0.2004,0.4223,-0.5577
-1.6185,6.5242,-7.7405,-0.8402,0.8905,-1.1445
-1.2498,4.6448,-5.6479,-0.4405,1.6286,-2.3657
-2.7150,6.9791,-7.0318,-0.7733,2.2274,-3.1757
-1.9465,5.4971,-5.7221,-0.3733,1.4440,-2.1783
-3.6176,5.8586,-7.9942,-0.4700,0.4215,-0.7373
-2.1979,6.7564,-7.7452,0.2651,0.7131,-0.9052
-1.7909,5.3295,-6.3901,-0.0288,0.6387,-0.7530
-2.1715,6.0573,-8.1570,-0.2348,0.2846,-0.5476
-4.4341,5.3032,-7.3215,0.1244,0.0970,-0.0349
-2.7485,4.7166,-5.7341,0.2966,0.1218,0.1151
-3.7685,6.4189,-7.3095,-0.1463,0.0027,0.1905
-1.5131,6.9671,-7.3287,0.4165,0.2233,-0.0850
-1.6041,5.2457,-5.3367,0.4327,-0.0368,-0.1132
-2.3870,6.7181,-6.9719,-0.0432,-0.1617,-0.0714
-4.7836,5.7054,-6.7708,0.6829,-0.1391,-0.0512
-3.7134,4.1372,-5.6024,0.5167,-0.1106,0.1828
-4.0845,5.5809,-7.8961,-0.1380,0.1420,0.0477
-0.4932,6.2201,-8.9136,0.2382,0.1143,0.3736
-1.1325,5.3391,-6.3111,0.5641,-0.2872,0.6081
-2.3822,5.5785,-7.6279,0.5580,-0.5849,0.5609
-5.9735,3.1675,-8.5258,0.3496,-0.5180,0.1812
-3.6703,2.5977,-5.3271,0.1916,0.2078,-0.2862
-5.2050,4.5586,-8.7867,-0.3315,0.0376,-0.2348
-1.1803,5.3032,-8.6000,0.0935,0.0317,0.3861
-2.2146,4.0318,-6.1076,0.3539,-0.4959,0.6624
-2.8036,5.0135,-8.2313,0.1274,-0.3525,0.6003
-2.8946,3.1436,-7.5920,0.5649,-0.0853,0.9769
-2.9904,2.7557,-6.3351,0.4253,-0.1916,0.7000
-2.5187,5.0949,-10.0533,0.0648,-0.1932,0.4122
-1.2546,2.4229,-7.6758,0.9785,-0.3872,1.0944
-1.2210,3.1316,-7.7955,0.6027,-0.2332,1.9481
0.4046,3.2370,-6.9839,1.2481,-0.2462,2.3102
-4.0390,-3.7014,-9.0190,1.8103,0.6800,1.6022
0.3424,-4.7285,-7.8961,0.8055,1.1575,0.9859
2.9281,-4.6974,-8.7221,0.2254,1.1370,0.6419
5.4492,-3.7924,-7.1132,0.0520,0.6875,0.1572
5.9137,-3.4381,-7.2401,-0.0360,0.1327,0.0512
5.2744,-3.8188,-6.8785,0.1828,0.1180,0.0019
5.4253,-3.7206,-6.7852,0.0504,0.0629,-0.0240
5.1188,-3.7397,-6.3422,-0.1316,-0.2369,0.0059
5.6790,-3.5267,-6.6487,-0.3347,-0.9627,-0.2801
2.8611,-2.1069,-7.3741,-0.5263,-1.2039,0.3864
-0.2849,-0.0192,-6.6774,-0.0549,-1.2460,0.0059
0.0311,-0.2490,-1.5251,0.0869,0.2425,-0.3147
0.6512,-1.8651,-9.3901,0.3032,-0.0085,-0.1370
0.3615,-1.6400,-8.7197,0.0781,0.0282,-0.0330
0.5650,-2.0111,-8.9926,0.2212,-0.0293,-0.0200
=== EEPROM DUMP END ===
0.01,-2.09,-8.85,0.18,-0.02,0.02
-0.06,-2.04,-8.82,0.16,-0.01,-0.05
0.06,-2.08,-8.80,0.07,-0.03,0.04
-0.05,-2.14,-8.79,0.18,-0.01,0.16
0.11,-2.10,-8.87,0.11,0.05,0.06
0.07,-2.03,-8.79,0.13,0.02,0.00
0.18,-2.15,-8.82,0.15,0.03,0.01
0.21,-2.13,-8.83,0.14,-0.01,0.01
-0.10,-2.18,-8.89,-0.00,0.03,0.06
0.81,-1.77,-8.76,-0.14,0.14,-0.17
0.90,-0.97,-8.81,-0.14,0.03,-0.34
0.73,-0.47,-9.01,-0.02,-0.08,-0.04
0.43,-0.44,-9.03,0.09,-0.01,0.05
0.79,-0.02,-8.96,0.04,0.09,-0.21
0.81,-0.29,-9.11,0.06,0.06,-0.02
0.86,0.10,-9.11,0.26,-0.06,0.01
0.93,0.11,-8.95,0.04,0.00,0.06
0.69,-0.33,-8.99,0.25,-0.08,0.04
0.95,-0.29,-9.18,0.23,0.04,0.00
1.26,0.21,-8.78,-0.24,-0.35,0.15
0.23,-0.41,-9.13,0.12,0.03,0.14
0.47,-0.13,-8.88,0.18,0.03,0.13
0.21,-0.44,-8.72,0.42,-0.06,0.27
0.60,-0.71,-9.06,0.12,0.06,0.02
0.53,-0.78,-9.02,0.15,-0.00,-0.01
0.48,-0.86,-9.05,0.12,-0.02,-0.00
0.40,-0.72,-8.96,0.07,-0.03,-0.02
0.38,-0.47,-9.00,0.11,-0.01,-0.01
0.39,-0.63,-9.01,0.14,0.00,-0.03
0.46,-0.68,-9.01,0.12,0.03,-0.03
0.58,-0.56,-9.06,0.16,-0.03,0.01
0.49,-0.64,-9.08,0.14,0.01,-0.01
0.48,-0.61,-9.02,0.18,-0.03,0.02
0.43,-0.66,-9.00,0.15,0.01,0.00
0.41,-0.69,-9.01,0.13,-0.00,0.03
0.45,-0.56,-9.01,0.12,-0.00,-0.01
0.45,-0.59,-9.01,0.15,-0.01,0.00
0.45,-0.54,-8.98,0.16,-0.03,0.03
0.35,-0.61,-9.02,0.13,0.00,0.01
0.41,-0.63,-9.04,0.17,-0.00,-0.05
0.36,-0.72,-9.01,0.16,-0.01,-0.02
0.36,-0.71,-9.01,0.17,-0.02,-0.00
0.35,-0.77,-9.00,0.18,0.05,-0.02
0.56,-0.93,-9.05,0.25,0.06,-0.08
0.58,-1.18,-9.00,0.19,0.02,-0.01
0.56,-1.27,-8.97,0.16,-0.01,0.04
0.60,-1.17,-8.99,0.13,-0.01,0.03
0.59,-1.15,-8.94,0.13,0.00,0.02
0.58,-1.12,-8.97,0.12,-0.01,0.01
0.56,-1.20,-8.99,0.11,-0.04,0.03
0.45,-1.09,-8.93,0.11,-0.02,0.02
0.42,-0.99,-8.99,0.08,-0.03,0.01
0.35,-0.82,-8.92,0.12,-0.01,0.02
0.37,-0.95,-9.00,0.16,0.00,0.03
0.37,-0.88,-9.01,0.13,0.03,0.02
0.55,-0.91,-9.02,0.15,0.04,0.02
0.59,-0.97,-9.01,0.15,0.01,0.02
0.55,-0.96,-9.01,0.14,-0.01,-0.00
0.57,-0.99,-8.99,0.15,-0.00,0.01
0.59,-1.05,-9.00,0.14,0.01,0.04
0.69,-0.94,-8.95,0.14,-0.03,0.02
0.56,-1.13,-9.09,0.14,-0.11,0.07
0.11,-1.05,-8.98,0.16,-0.17,-0.04
-0.11,-0.91,-8.83,0.23,0.07,0.18
-0.16,-1.33,-8.76,0.20,-0.00,-0.05
0.11,-1.28,-8.79,0.11,-0.08,0.09
-0.24,-1.34,-8.95,0.18,-0.06,-0.02
-0.19,-1.36,-8.98,0.09,-0.01,-0.03
-0.16,-1.39,-8.94,0.10,0.01,0.01
-0.10,-1.24,-9.00,0.12,-0.00,-0.01
-0.14,-1.23,-8.96,0.13,-0.04,0.07
-0.52,-0.96,-8.65,0.07,-0.07,0.06
-0.30,-0.79,-9.02,0.05,0.09,-0.18
-0.20,-0.63,-8.91,-0.00,0.10,0.05
0.13,-0.23,-8.99,0.09,-0.05,-0.07
-0.24,-0.58,-9.02,0.17,0.02,-0.04
>>> EEPROM FULL - recording stopped <<<
-0.15,-0.72,-8.98,0.17,-0.01,0.00
-0.14,-0.68,-8.96,0.16,0.02,-0.00
-0.11,-0.68,-8.95,0.14,0.03,0.01
0.05,-0.77,-9.04,0.10,0.01,0.02
0.01,-0.68,-8.96,0.14,-0.07,0.12
-0.16,-0.50,-9.00,0.08,-0.01,0.00
-0.12,-0.47,-8.98,0.04,-0.01,0.01
-0.02,-0.09,-8.92,0.04,-0.03,0.07
-0.12,-0.00,-9.01,0.12,0.02,0.01
0.00,0.09,-9.00,0.09,0.03,-0.03
0.09,0.11,-8.96,0.15,-0.01,0.01
-0.01,0.01,-9.04,0.15,-0.06,0.02
-0.13,-0.17,-9.13,0.22,-0.05,0.11
-0.23,0.00,-8.95,0.08,-0.02,-0.03
-0.17,0.04,-9.04,0.14,0.03,0.02
-0.17,-0.11,-9.02,0.16,-0.01,0.04
-0.17,-0.08,-9.06,0.12,0.00,-0.00
-0.27,-0.14,-9.06,0.12,-0.03,0.04
-0.34,-0.14,-9.03,0.24,-0.04,0.08
-0.06,-0.16,-9.11,0.12,-0.00,-0.03
-0.21,-0.14,-9.04,0.12,0.03,0.05
-0.34,-0.31,-9.12,0.19,-0.07,0.13
-0.24,-0.63,-9.02,0.13,0.04,0.02
0.11,-0.39,-9.11,-0.02,-0.04,-0.09
-0.13,-1.10,-8.78,1.15,0.40,0.61
-0.17,-1.51,-9.01,-0.07,0.01,0.01
0.45,-1.50,-9.45,0.31,0.97,0.06
1.23,-0.61,-8.64,-0.42,0.10,-0.48
2.32,-0.18,-9.10,0.34,0.27,-0.02
1.36,-0.15,-9.04,0.04,-0.39,0.32
1.70,0.46,-8.94,-0.50,0.07,0.24
2.69,0.67,-8.62,0.59,0.06,0.44
1.63,0.45,-8.85,-0.06,-0.48,-0.17
0.37,0.72,-9.19,0.07,-0.11,-0.05
0.82,0.46,-9.15,0.37,-0.08,0.12
0.48,-0.10,-9.12,0.39,-0.13,0.09
-0.12,-0.12,-8.77,0.03,-0.27,0.08
-0.44,-0.44,-9.16,-0.45,-0.52,-0.04
-0.61,1.41,-8.72,0.11,-0.01,-0.01
-1.02,1.53,-9.13,-0.18,-0.01,0.06
0.01,0.74,-8.84,0.86,0.29,-0.29
-0.29,0.06,-9.21,0.18,-0.21,-0.01
-0.71,-0.12,-8.92,-0.64,-0.55,0.17
-1.51,2.10,-8.98,-0.03,0.20,0.16
0.07,1.17,-9.26,0.55,0.22,-0.03
-1.56,2.84,-8.12,-0.55,-0.10,0.16
-1.30,3.47,-8.12,-0.67,-0.72,0.09
-2.52,4.49,-7.69,0.14,-0.12,-0.29
-2.34,3.84,-7.81,0.25,-0.26,0.56
-2.46,4.17,-7.73,-0.04,0.01,0.00
-2.36,4.54,-7.27,0.16,0.03,-0.24
-2.67,4.30,-7.20,0.19,0.10,-0.01
-2.76,4.22,-7.54,0.07,-0.06,-0.02
-2.67,4.45,-7.44,-0.04,0.04,0.09
-2.72,5.08,-7.24,-0.12,-0.08,-0.23
-1.96,6.45,-6.47,-0.49,-0.64,-0.61
-3.05,4.45,-4.89,2.40,3.61,0.41
-0.93,3.38,-7.82,0.37,0.39,-0.06
-1.12,2.41,-8.26,0.93,0.26,-0.12
-1.13,2.28,-8.99,0.00,-0.38,0.02
-1.19,2.12,-8.74,-0.02,0.04,-0.09
-1.28,2.49,-8.69,0.06,0.13,-0.11
-1.49,2.70,-8.14,0.22,0.01,0.14
-0.04,2.19,-8.98,0.53,0.42,0.33
-0.14,2.44,-8.64,-0.05,-0.07,0.02
0.15,2.14,-8.29,0.17,0.15,-0.07
0.13,2.66,-8.40,0.15,0.03,0.12
0.57,1.90,-9.41,0.22,0.28,0.25
1.33,1.53,-8.94,0.14,0.22,0.13
1.61,2.43,-8.44,0.09,0.09,0.10
2.32,1.65,-8.83,-0.04,0.17,-0.00
2.15,2.10,-8.35,0.22,0.11,-0.08
2.41,2.09,-8.77,0.28,0.13,-0.14
2.17,2.10,-8.58,0.09,-0.23,-0.03
1.85,1.77,-8.85,0.22,0.02,-0.02
2.02,1.47,-8.83,0.36,0.05,-0.09
1.89,1.44,-8.75,0.16,-0.29,0.02
1.19,1.66,-8.77,0.11,-0.25,0.00
1.07,1.19,-8.92,0.26,0.07,0.04
1.45,0.94,-8.92,0.20,-0.01,0.03
1.35,0.96,-8.89,0.15,-0.04,0.07
1.06,1.02,-8.91,0.14,0.03,0.08
1.36,0.93,-8.95,0.21,0.15,0.03
1.43,1.04,-8.87,0.15,0.03,-0.01
1.52,0.92,-8.93,0.14,0.05,-0.02
1.38,0.87,-8.58,0.09,-0.05,-0.07
1.23,1.34,-9.14,-0.06,-0.02,0.02
1.43,1.21,-8.87,0.13,-0.09,0.02
1.36,1.38,-8.83,0.15,0.03,0.05
1.15,1.44,-8.88,0.19,0.05,0.05
1.64,1.14,-8.74,0.18,0.02,0.13
1.46,1.14,-8.90,0.16,0.05,0.11
1.64,1.10,-8.82,0.20,0.08,-0.02
1.80,1.06,-8.87,0.19,0.05,0.01
1.93,1.02,-8.97,0.18,-0.00,0.04
1.96,0.90,-8.76,0.15,0.04,0.05
1.95,0.84,-8.90,0.13,-0.01,0.03
1.99,0.88,-8.82,0.15,-0.02,0.01
1.72,1.00,-8.83,-0.05,-0.01,0.16
1.63,1.27,-8.81,0.10,-0.01,-0.01
1.79,1.40,-8.85,0.11,0.04,-0.07
2.00,1.36,-8.88,0.08,0.10,-0.12
1.98,1.83,-8.75,0.03,-0.03,-0.10
1.70,1.87,-8.68,0.09,-0.05,-0.10
1.41,2.10,-8.81,0.08,-0.10,-0.11
1.41,2.17,-8.67,0.16,-0.06,-0.01
1.10,2.05,-8.88,0.14,-0.02,-0.05
1.08,2.40,-8.95,0.12,0.33,-0.28
1.56,2.34,-8.88,0.39,0.06,0.05
1.67,1.59,-8.70,0.29,-0.13,0.04
2.50,0.86,-8.98,-0.40,0.04,0.36
1.01,1.54,-9.93,0.87,0.33,0.10
-0.23,-0.11,-9.36,-3.87,-3.22,-0.05
-1.28,7.03,-6.53,3.38,2.30,0.24
-0.21,4.23,-8.08,-1.21,-0.36,0.10
-1.64,4.76,-7.28,-1.20,-0.92,-1.62
-1.06,5.53,-9.23,-0.66,-0.41,1.22
-0.98,4.09,-7.01,-0.02,0.36,-1.77
-3.78,2.84,-9.55,0.74,-0.37,-0.41
-2.83,0.34,-7.87,2.32,0.96,-0.52
1.86,-3.61,-9.48,-2.69,1.81,2.36
-0.88,-5.69,-8.14,0.06,2.26,-0.46
6.56,-3.50,-9.24,1.35,4.19,-2.39
8.50,-4.58,1.55,1.53,1.81,1.85
6.64,-7.98,4.24,0.20,-0.00,2.10
5.42,-5.86,2.90,-2.23,-1.54,-2.99
3.88,-3.50,-8.72,2.01,-1.41,1.30
2.38,-5.79,-6.24,-0.07,-0.29,1.06
1.17,-3.33,-6.13,0.03,0.76,0.57
2.99,-5.63,-8.91,-0.58,-1.23,-1.52
1.70,-2.12,-8.07,0.82,-1.40,0.58
6.04,-3.81,-4.84,0.83,0.17,-1.66
1.33,-3.75,-4.78,1.26,0.23,-0.13
7.81,-7.97,-0.02,0.52,-1.00,-1.47
2.03,-3.53,-8.84,-0.51,-0.92,-0.34
2.27,-2.27,-11.43,-1.74,-1.38,-0.80
2.66,-3.54,-8.09,0.39,-0.32,1.51
2.05,-0.72,-9.32,-0.02,-0.28,0.75
2.32,-0.93,-8.92,0.13,-0.03,0.26
1.19,-0.03,-9.00,-0.42,0.26,0.45
2.84,-0.17,-8.86,0.26,0.17,0.00
5.07,4.85,-3.54,-3.65,-3.76,1.99
6.60,7.35,-7.77,0.77,1.96,0.48
1.16,3.01,-10.19,0.04,1.02,0.23
1.72,2.36,-8.06,-0.24,-0.34,0.00
2.52,3.65,-7.62,-1.20,-0.18,0.36
0.97,0.63,0.06,-0.67,-2.68,3.47
-27.23,7.92,-36.84,3.27,3.82,-7.79
-1.19,2.43,1.81,0.47,-1.01,0.19
-5.18,5.33,-7.08,-1.82,-1.65,1.81
-3.12,6.36,-6.39,1.55,-0.93,-1.00
-6.75,7.21,-8.39,-0.60,0.08,0.37
-1.75,4.70,-5.54,2.18,0.15,-1.05
-1.41,7.02,-4.15,-0.00,0.02,0.55
-4.64,6.23,-6.12,-1.18,-0.28,-0.80
-3.80,6.64,-5.95,0.54,0.08,-1.16
-3.27,7.52,-4.06,0.35,0.09,-0.20
-5.86,6.15,-4.64,-1.35,-0.11,0.82
-4.75,7.48,-4.40,1.32,0.15,-1.59
-4.00,7.10,-3.22,-1.29,0.22,2.27
-7.14,6.22,-2.17,-0.13,0.49,-0.58
-5.06,9.55,-3.51,1.29,0.14,-1.29
-5.39,5.88,-3.36,-0.17,-0.17,-0.09
-4.44,6.56,-2.10,0.20,-0.16,-0.02
-4.81,7.63,-2.52,-0.39,0.02,0.32
-5.32,7.48,-2.14,0.16,-0.05,0.22
-5.49,7.98,-3.14,1.04,0.30,-0.67
-3.84,6.26,-4.11,0.83,0.57,-0.13
-5.41,6.26,-5.09,-0.51,0.38,0.68
-5.02,6.53,-3.86,0.07,0.07,0.37
-4.46,7.99,-4.72,0.46,0.30,0.11
-3.79,6.82,-5.54,0.34,0.57,-0.43
-3.28,7.08,-4.29,0.07,-0.18,-0.07
-4.30,4.87,-4.03,0.18,-0.35,-0.32
-4.04,5.86,-4.57,-0.40,0.39,0.56
-4.67,7.14,-4.28,-0.04,0.59,0.05
-5.36,8.20,-4.19,0.48,-0.07,-0.41
-3.43,8.08,-6.36,0.73,0.20,0.30
-2.62,7.45,-6.12,0.14,0.30,0.41
-2.72,7.74,-4.18,0.79,-0.92,-0.42
-0.81,3.17,-4.31,-1.41,0.72,1.77
-3.72,9.50,-4.06,0.14,-1.64,1.11
0.81,11.31,-4.12,1.74,0.43,-1.66
1.58,5.30,-3.26,0.04,0.11,0.22
0.27,6.10,-2.51,0.14,-0.76,-0.04
-0.84,8.42,-5.41,-1.97,-0.63,0.27
0.06,7.65,-4.55,-0.73,-0.16,0.78
-0.63,16.08,-2.88,0.46,0.72,0.86
3.54,9.17,-3.12,3.52,-0.99,-2.75
0.00,7.40,-6.70,-0.49,-1.39,-1.38
-2.34,8.17,-7.40,-0.75,-0.15,1.37
-0.29,6.60,-6.09,0.58,0.12,-0.77
-2.08,11.53,-20.91,5.90,0.97,-0.79
-0.92,5.77,-6.86,-0.25,-0.67,-0.08
-1.87,5.03,-7.48,1.40,-1.03,-0.17
-4.75,2.36,-7.55,1.24,-1.24,-0.42
-6.16,1.58,-6.63,-0.01,-0.65,-0.72
-6.86,2.07,-6.70,-0.61,0.11,0.16
-6.81,3.63,-4.46,-2.13,0.90,0.99
-5.19,4.20,-4.14,0.42,-0.45,0.03
-7.04,5.33,-3.99,-0.22,-0.81,0.08
-7.01,5.13,-3.40,0.06,0.02,-0.22
-7.02,5.00,-4.34,-1.38,0.35,0.16
-6.38,3.70,-4.84,0.94,0.89,-0.45
-2.50,-0.01,-8.11,2.19,2.26,-1.82
-1.42,-2.04,-9.38,-0.00,1.17,0.28
0.23,2.01,-8.41,-2.29,0.76,0.05
-0.35,3.78,-7.57,3.20,0.70,0.83
3.53,0.11,-9.20,0.70,-0.29,-0.02
1.72,-0.46,-9.22,0.18,-0.27,-0.22
0.62,0.48,-9.05,-0.07,0.62,-0.26
3.26,0.41,-8.21,0.64,0.76,0.13
2.71,0.02,-7.22,0.93,0.82,0.72
3.08,-0.33,-8.03,-0.12,0.83,-0.29
5.95,0.24,-7.25,0.37,0.32,0.15
3.71,-0.30,-8.64,1.15,-0.46,0.31
5.54,-2.29,-5.46,1.23,-1.06,1.13
0.45,-3.50,-8.51,1.05,0.31,0.58
4.36,-1.90,-6.52,-0.56,0.55,-0.26
5.87,-2.21,-8.60,-0.12,0.63,-0.35
5.51,-2.47,-8.68,-0.08,-0.24,-0.50
3.33,-1.59,-7.25,0.10,0.34,0.22
7.12,-2.17,-6.50,0.03,0.90,-0.20
9.05,-2.20,-9.43,0.50,0.46,-0.45
8.44,-2.52,-6.01,-0.56,0.28,-0.87
7.45,-0.54,-2.65,0.59,-0.14,-0.12
4.59,0.08,-7.04,0.40,-1.49,0.28
-0.74,-3.22,-6.50,-0.02,-3.03,-0.54
-2.27,-0.88,-10.26,-0.15,-0.67,-0.60
-1.37,-0.05,-8.47,-0.53,0.33,-0.31
-2.60,2.02,-9.37,-0.49,-0.52,0.15
-0.79,2.00,-11.31,3.05,1.66,1.04
0.03,0.92,-9.58,0.47,0.22,0.04
0.31,0.14,-9.59,0.11,-0.15,-0.10
-0.81,-0.20,-9.00,0.24,-0.16,-0.07
-1.37,-0.65,-8.40,0.31,-0.31,-0.11
-0.65,-0.21,-9.46,0.25,0.34,0.19
0.58,-0.34,-9.82,0.31,1.19,0.34
3.60,-3.13,-10.02,0.42,0.86,1.06
5.14,-3.25,-6.80,1.21,-0.05,0.35
6.89,-4.79,-7.06,-0.13,0.99,0.10
6.12,-4.18,-5.09,0.46,-0.56,-0.13
5.13,-5.23,-6.71,0.59,0.44,-0.06
8.04,-4.64,-3.06,0.27,0.60,-0.37
7.56,-3.22,-5.23,0.10,0.02,0.23
6.78,-3.27,-4.46,0.24,0.07,0.16
8.43,-4.57,0.11,0.05,-3.44,2.75
-0.96,-8.74,-3.67,0.47,-1.77,0.92
-0.68,-9.64,-3.11,1.06,-1.60,-0.16
0.12,-10.41,-3.00,0.20,0.00,-1.24
3.26,-11.75,-4.32,-0.73,0.21,0.97
2.09,-0.43,-2.67,-3.60,1.05,2.47
2.54,-5.91,-6.22,-0.54,-0.23,0.20
3.73,-5.04,-7.80,0.08,0.18,-0.52
3.74,-4.25,-7.05,-0.64,-0.75,-0.10
2.17,-2.11,-8.77,-1.88,0.65,-1.16
3.18,-0.31,-8.07,-0.22,-0.39,-0.54
2.78,1.77,-9.39,-0.30,-0.22,-0.16
2.93,0.76,-7.22,0.39,0.97,0.34
12.89,-9.36,1.56,-0.03,2.00,-1.19
3.13,-0.90,-6.17,-1.60,-2.44,0.94
2.70,0.55,-8.59,0.15,-0.39,0.07
0.86,0.04,-9.23,-0.14,-0.63,0.90
-1.00,1.46,-8.85,-0.87,-1.43,-0.14
-4.71,3.57,-7.08,-0.36,-0.71,0.39
-4.63,3.80,-6.32,-0.03,0.01,0.05
-4.22,3.34,-7.25,0.17,0.21,-0.04
-3.07,2.98,-7.79,1.12,1.42,-0.54
-1.48,2.24,-9.03,0.06,0.31,-0.03
-1.80,3.69,-8.07,0.19,-0.14,0.35
-2.14,3.91,-7.58,0.18,-0.47,0.42
-2.73,2.78,-8.65,0.36,-0.68,-0.49
-2.84,3.18,-7.62,0.29,0.81,-0.29
-1.74,2.93,-8.34,0.21,0.34,0.16
-1.25,3.44,-8.32,0.18,0.21,-0.09
-1.48,3.20,-8.31,0.19,0.00,-0.02
-1.23,3.36,-8.07,0.06,0.00,0.11
-1.48,2.96,-8.27,0.13,-0.06,0.01
-1.53,3.04,-8.22,0.16,-0.04,-0.00
-1.47,2.89,-8.38,0.14,-0.01,0.02
-1.61,3.06,-8.28,0.15,-0.04,0.02
-1.71,3.07,-8.30,0.16,-0.04,0.01
-1.65,3.00,-8.30,0.19,0.01,0.02
-1.49,2.78,-8.25,0.15,0.03,-0.01
-1.43,2.71,-8.54,0.11,-0.01,0.06
-1.44,2.83,-8.37,0.15,0.02,-0.00
-1.43,2.71,-8.46,0.17,0.01,-0.01
-1.42,2.66,-8.43,0.13,-0.00,0.02
-1.44,2.72,-8.42,0.13,-0.00,0.03
-1.36,2.73,-8.43,0.13,0.01,0.02
-1.36,2.70,-8.50,0.14,-0.01,0.02
-1.36,2.69,-8.43,0.16,-0.01,0.02
-1.41,2.58,-8.50,0.18,0.01,-0.03
-1.28,2.49,-8.51,0.13,0.13,-0.07
-1.10,2.75,-8.52,0.00,0.29,-0.23
-1.16,2.49,-8.75,0.22,-0.07,0.24
-1.15,2.63,-8.47,0.11,-0.06,0.02
-0.97,2.80,-8.44,0.13,0.03,-0.00
-1.02,2.82,-8.57,0.11,0.01,0.03
-0.87,2.58,-8.56,0.17,0.03,-0.05
-1.08,2.48,-8.43,0.14,-0.00,-0.02
-0.76,2.46,-8.64,0.24,0.03,0.01
-0.79,2.47,-8.61,0.14,-0.02,0.01
-0.87,2.47,-8.58,0.09,-0.07,0.03
-1.04,2.54,-8.47,0.10,-0.04,-0.01
-1.05,2.67,-8.59,0.16,-0.02,0.08
-1.10,2.39,-8.50,0.35,0.01,0.05
-1.05,2.27,-8.58,0.23,0.11,-0.05
-1.19,2.27,-8.67,0.10,-0.10,0.01
-1.12,2.37,-8.64,0.08,-0.05,0.00
-1.29,2.43,-8.56,0.12,-0.05,-0.02
-1.38,2.49,-8.41,0.14,0.05,0.01
-1.13,2.54,-8.66,0.17,0.09,-0.08
-0.93,2.26,-8.75,0.13,0.03,-0.05
-0.86,2.37,-8.46,0.13,0.03,0.05
-0.82,2.61,-8.41,0.08,-0.12,0.01
-0.85,2.55,-8.58,0.16,-0.05,0.02
-0.97,2.63,-8.55,0.12,-0.05,0.02
-1.05,2.60,-8.54,0.18,0.01,0.03
-0.99,2.57,-8.54,0.18,0.03,0.02
-0.97,2.54,-8.57,0.13,-0.03,0.02
-1.07,2.55,-8.57,0.10,-0.05,0.00
-1.02,2.44,-8.59,0.11,0.01,0.00
-1.06,2.69,-8.41,0.15,-0.01,0.06
-1.00,2.39,-8.76,0.19,0.22,-0.04
-0.48,2.89,-8.65,0.30,0.02,-0.07
-0.79,2.55,-8.52,0.20,-0.07,0.01
-1.26,2.43,-8.52,0.19,-0.10,-0.02
-1.32,2.30,-8.56,0.22,-0.07,-0.02
-1.30,2.28,-8.55,0.06,-0.05,0.02
-1.33,2.47,-8.50,0.11,-0.04,0.00
-1.51,2.46,-8.40,0.07,-0.07,0.04
-1.48,2.27,-8.76,-0.11,0.27,-0.03
-0.81,3.28,-8.33,-0.11,0.11,0.05
-0.76,3.61,-8.28,0.07,0.03,0.05
-0.57,3.48,-8.32,0.05,0.11,-0.04
-0.57,3.64,-8.12,-0.11,0.05,-0.10
-0.36,4.06,-8.03,-0.15,0.11,0.02
-0.19,5.25,-7.53,-0.33,0.34,0.00
-0.38,5.63,-7.16,0.16,-0.04,0.01
-0.11,5.58,-6.95,0.15,0.21,-0.00
1.04,5.37,-7.29,0.34,0.41,-0.04
1.70,5.25,-7.51,0.31,0.05,0.10
0.68,4.26,-7.54,0.52,-0.29,0.05
0.00,4.66,-7.40,0.55,-0.30,0.43
-0.23,1.96,-8.95,0.66,0.15,0.09
2.28,3.45,-10.18,0.38,0.31,0.03
1.71,1.41,-8.43,0.92,-0.00,0.25
0.71,-0.35,-7.73,0.24,0.32,-0.45
1.89,0.06,-8.41,0.20,0.24,-0.18
3.66,-0.31,-9.09,0.37,0.48,0.17
3.12,0.11,-7.90,0.31,0.69,-0.17
4.13,-0.27,-7.70,0.51,0.14,0.04
4.06,-1.55,-8.07,0.27,0.02,-0.11
4.16,-0.73,-8.02,-0.03,-0.00,-0.20
4.95,-0.62,-7.75,0.05,0.05,-0.06
4.05,-0.64,-8.16,0.09,-0.01,-0.01
4.68,-0.51,-8.06,0.05,0.06,0.04
4.92,-0.50,-7.89,0.21,-0.04,-0.00
4.55,-0.38,-8.02,0.10,-0.01,-0.24
4.36,0.11,-7.66,0.03,-0.07,-0.30
3.79,0.59,-8.40,0.15,-0.20,0.06
4.07,0.86,-8.88,-0.09,-0.13,-0.00
3.96,-0.44,-7.22,0.38,-0.25,0.21
3.70,-0.93,-7.96,0.76,-0.30,-0.68
2.18,-1.58,-8.21,0.46,-0.24,-1.17
2.26,-1.19,-8.84,0.20,0.69,-2.16
6.15,2.20,-7.43,0.31,-0.01,-1.66
5.49,1.66,-7.95,0.75,0.15,-0.84
4.85,1.46,-7.99,0.20,0.76,-0.62
4.32,2.17,-8.91,0.09,-0.02,-0.22
4.04,1.38,-8.50,-0.02,-0.14,-0.22
3.31,1.88,-7.77,0.11,-0.06,-0.51
3.73,1.90,-8.07,0.61,0.60,-0.29
6.13,0.68,-7.48,0.39,0.52,-0.02
6.23,1.96,-6.85,0.01,0.19,-0.35
5.95,2.59,-6.66,0.02,0.05,-0.50
6.04,3.69,-6.57,0.07,0.24,-0.62
4.64,5.03,-5.48,-0.72,-0.44,-1.00
5.00,8.10,-5.30,-0.29,-0.47,0.40
3.91,5.10,-6.26,0.61,0.27,0.43
5.01,4.40,-6.25,0.37,0.43,0.12
5.79,4.06,-5.98,0.31,0.24,0.17
6.63,5.10,-5.71,0.33,-0.00,0.12
5.88,3.51,-6.12,0.38,-0.09,0.07
6.09,4.03,-6.18,0.18,0.01,0.05
5.92,3.85,-6.18,0.19,0.00,-0.03
5.94,3.33,-6.35,0.22,0.10,-0.33
5.74,3.54,-6.31,0.17,0.05,-0.16
5.48,3.99,-6.30,0.10,-0.26,-0.08
5.55,3.78,-6.31,0.29,-0.21,0.16
4.76,2.13,-6.73,0.54,-0.16,0.34
5.42,1.87,-6.98,0.36,-0.20,0.29
4.90,1.79,-7.09,0.44,0.09,0.26
5.37,0.29,-7.71,0.53,-0.07,0.48
5.54,-0.63,-7.69,0.32,-0.04,0.25
5.04,-0.96,-7.47,0.35,-0.01,0.38
5.22,-1.67,-7.43,0.52,0.10,0.35
5.40,-2.72,-7.49,0.27,-0.02,0.13
5.05,-2.96,-7.31,0.18,-0.04,0.05
5.18,-2.89,-7.51,0.03,-0.04,-0.04
5.00,-0.87,-8.25,-0.50,0.18,-0.02
6.47,-1.48,-7.67,0.18,0.42,-0.65
5.89,0.50,-7.04,0.00,-0.03,-0.18
5.43,0.87,-7.13,0.05,-0.07,0.02
5.30,0.64,-7.08,0.35,-0.16,0.16
5.38,-0.96,-7.71,0.98,-0.41,0.51
MPU6050 Found!
0.04,0.01
4.38,-3.31,-7.38,0.16,0.05,-0.08
4.70,-3.57,-7.36,0.22,0.08,-0.03
0.60,-1.35,0.12,0.01,0.01
4.15,-3.06,-7.45,0.20,0.04,0.01
4.38,-3.31,-7.38,0.16,0.05,-0.08
4.70,-3.57,-7.36,0.22,0.08,-0.03
MPU6050 Found!
MAX_SAMPLES: 170
Resuming from sample #170
Send 'd' to dump, 'c' to clear.
0.99,-0.66,-1.26,0.11,0.15,-0.10
5.63,-3.29,-6.59,0.14,-0.03,0.03
5.40,-3.25,-6.76,0.18,-0.11,0.07
5.47,-3.72,-6.97,0.14,-0.08,0.08
5.22,-3.35,-7.01,0.15,0.04,-0.07
5.20,-3.52,-6.95,0.12,0.01,-0.01
5.04,-3.42,-6.85,0.20,-0.03,0.00
5.17,-3.68,-6.87,0.20,-0.02,-0.02
5.10,-3.53,-7.16,0.16,-0.05,0.00
4.93,-3.40,-7.17,0.16,-0.05,0.01
5.04,-3.49,-6.95,0.16,-0.00,0.06
4.92,-3.72,-6.84,0.29,-0.05,0.18
4.83,-3.93,-6.87,0.12,0.09,0.04
5.07,-3.82,-6.97,0.05,0.03,0.05
4.96,-3.68,-6.89,0.10,-0.03,0.05
4.93,-3.59,-6.95,0.11,-0.03,-0.00
4.99,-3.52,-7.10,0.12,-0.03,-0.00
4.86,-3.50,-7.07,0.13,-0.05,0.00
4.85,-3.47,-7.12,0.12,-0.01,0.01
4.80,-3.52,-7.11,0.12,-0.00,0.01
4.81,-3.44,-7.18,0.11,-0.01,-0.01
4.82,-3.31,-7.21,0.10,-0.01,0.01
4.78,-3.34,-7.24,0.13,-0.01,0.02
EEPROM cleared.
4.81,-3.35,-7.27,0.15,0.01,0.03
4.90,-3.35,-7.27,0.14,0.01,0.03
5.02,-3.49,-7.13,0.13,0.01,0.00
MPU6050 Found!
MAX_SAMPLES: 170
Resuming from sample #69
Send 'd' to dump, 'c' to clear.
0.25,-0.77,-1.38,-0.39,0.39,0.42
2.67,-2.97,-8.83,-0.73,0.31,0.41
2.83,-1.46,-8.19,-0.42,-0.26,0.67
1.19,-0.81,-8.24,-0.19,-0.38,0.41
=== EEPROM DUMP START ===
Samples stored: 73
ax,ay,az,gx,gy,gz
4.8100,-3.3471,-7.2712,0.1495,0.0128,0.0272
4.9033,-3.3543,-7.2736,0.1420,0.0056,0.0269
5.0159,-3.4884,-7.1251,0.1300,0.0147,0.0013
4.8650,-3.3064,-7.1347,0.1069,-0.0229,0.0709
4.9225,-3.4716,-7.3406,0.0901,-0.0085,0.0906
6.1292,-4.9153,-8.2097,-0.1737,-0.0986,0.5353
4.7285,-4.7190,-6.9839,-0.6659,-0.4911,0.7093
1.3791,-1.5395,-7.4460,-0.9403,-1.0776,1.8727
-1.1827,1.4748,-6.7157,-0.4620,-0.8356,2.6745
0.2370,3.6559,-8.7676,0.2025,0.3110,0.6832
2.9975,2.1859,-8.8418,0.3190,-0.3829,1.2660
-0.3926,0.2179,-5.4396,-0.0389,-0.1716,-0.5654
0.3160,0.2059,-8.7053,0.3219,0.1303,-0.0525
0.5411,0.0024,-8.6359,-0.0120,-0.0019,-0.1223
-0.0192,0.9481,-7.1754,-0.0842,-0.2454,-0.2574
0.3926,0.3400,-5.4444,0.4836,-0.0056,0.6233
2.1620,-0.4214,-5.6455,-0.5015,0.2086,-0.2190
8.4108,-4.8411,-8.6981,-0.2065,0.1591,2.3782
-8.3127,16.0196,-0.4070,-3.6727,-1.7088,-0.6949
-12.2176,6.0166,0.6129,-0.1953,-1.8778,-3.3364
-7.2951,4.3311,-3.5482,-0.0818,-0.0213,0.3573
-10.4986,6.4883,-3.0215,0.5327,0.3613,-0.1332
-12.3828,9.6367,-2.5067,1.1072,1.2132,0.3467
0.1149,1.6448,-3.6943,2.6494,2.0907,0.2526
-1.6831,1.5706,-11.5089,0.8727,1.1711,0.5518
5.7389,-3.1987,-6.9719,1.7139,1.4221,-0.4205
2.3750,-0.3879,-8.0565,0.4775,-1.5199,-0.2230
-3.8331,-3.1484,-8.6933,0.6483,-0.9236,-0.6987
0.4860,-4.9225,-10.6159,0.5875,-0.0221,-0.5857
-0.0527,-4.2234,-8.7652,-0.1532,-0.1346,-0.5175
1.9776,0.0551,-4.3144,0.5401,0.1077,-0.1466
-0.3998,-3.3399,-5.8371,0.8993,0.2729,-0.2782
-1.1564,-5.1763,-7.3263,0.4628,-0.1514,0.0818
0.1844,-7.3334,-8.0541,0.5153,0.0906,-0.4309
0.3041,-6.2273,-6.0573,0.1002,0.0184,-0.0981
1.3168,-5.6407,-6.2010,0.0432,-0.0173,-0.2196
0.5626,-4.9704,-6.5649,0.1300,-0.1498,-0.6086
1.8699,-5.7604,-7.3909,0.1785,-0.1921,-0.5428
2.4325,-5.6647,-6.4763,0.1996,-0.0930,-0.2014
2.5642,-5.9089,-6.6248,0.1879,-0.0424,-0.0552
2.5666,-5.9975,-7.1706,0.1577,0.0650,-0.0192
2.6049,-5.8155,-6.8738,0.1567,0.0333,-0.0187
2.5666,-5.9711,-6.7732,0.1847,0.0221,-0.0269
2.7294,-5.8634,-6.6798,0.1356,0.0197,-0.0181
2.5762,-5.9616,-6.7636,0.1287,-0.0029,0.0938
2.5115,-5.8610,-6.7086,0.1335,0.0621,0.1151
2.6839,-6.0071,-6.7229,0.1681,0.0765,0.0533
2.6288,-5.9927,-6.6870,0.1460,0.0256,-0.0576
2.5642,-5.7868,-6.6607,0.1167,-0.0083,-0.0608
2.4852,-5.8897,-6.7157,0.1775,-0.0181,0.1092
2.4253,-5.9807,-6.7086,0.1607,-0.0171,0.0834
2.2984,-5.9759,-6.6487,0.1335,-0.0216,0.0533
2.4062,-6.0454,-6.7014,0.1226,-0.0053,0.0189
2.3391,-6.0908,-6.6679,0.1905,-0.0091,0.0136
2.3439,-6.1387,-6.5960,0.1543,0.0077,0.0264
2.3559,-6.2225,-6.6104,0.1452,0.0274,0.0560
2.4301,-6.1914,-6.5314,0.1210,0.0501,0.0373
2.3918,-6.1890,-6.5290,0.1346,0.0413,0.0855
2.5331,-6.2489,-6.4859,0.1394,0.0429,0.0171
2.4110,-6.0621,-6.4596,0.1271,0.0051,0.0693
2.4229,-6.1723,-6.6104,0.1308,-0.0032,0.0069
2.3703,-6.1555,-6.5266,0.1322,-0.0043,0.0258
2.4349,-6.1555,-6.5936,0.1399,0.0096,-0.0027
2.3583,-6.2249,-6.5721,0.1402,-0.0032,0.0080
2.4445,-6.2177,-6.5003,0.1482,-0.0011,-0.0192
2.4205,-6.1339,-6.4979,0.1426,-0.0037,0.0245
2.4493,-6.1675,-6.5553,0.1463,0.0013,0.0136
2.4972,-6.2082,-6.4691,0.1258,0.0008,0.0290
2.4732,-6.2153,-6.5386,0.1295,0.0160,0.0229
0.2538,-0.7709,-1.3815,-0.3861,0.3930,0.4167
2.6671,-2.9688,-8.8250,-0.7285,0.3088,0.4088
2.8299,-1.4629,-8.1858,-0.4151,-0.2561,0.6686
1.1851,-0.8092,-8.2408,-0.1852,-0.3837,0.4122
=== EEPROM DUMP END ===
0.70,-0.35,-9.05,0.06,0.12,-0.26
0.95,-0.55,-8.90,0.14,-0.17,-0.24
1.84,-0.38,-9.23,0.11,-0.09,-0.41
1.47,0.03,-8.88,0.37,-0.22,0.10
0.37,-0.69,-8.84,0.22,-0.10,0.19
-0.28,-0.93,-8.96,0.05,-0.14,0.16
-0.49,-0.59,-9.06,0.02,-0.06,0.03
-0.27,-0.50,-9.04,0.18,0.03,-0.05
0.00,-0.81,-9.00,0.22,0.11,0.05
0.06,-0.94,-8.98,0.19,0.04,0.00
